1 1.19762e-11 1.70464e-10 1.66533e-16 1.19762e-11 1 3.5625e-10 -1.11022e-16 1.70464e-10 3.5625e-10 1 2.22045e-16 0 0 0 1
0.99988 0.00138157 0.0154076 0.0121019 -0.00136595 0.999999 -0.00102397 0.000446874 -0.0154089 0.0010028 0.999881 0.126728 0 0 0 1
0.999341 0.00413927 0.0360587 0.0302179 -0.00411832 0.999991 -0.000655207 0.000979174 -0.0360611 0.000506275 0.999349 0.268623 0 0 0 1
0.998012 0.00570876 0.0627582 0.0598755 -0.00576068 0.999983 0.000646384 0.0023081 -0.0627534 -0.00100663 0.998029 0.43054 0 0 0 1
0.995353 0.00541158 0.096144 0.105041 -0.0057189 0.999979 0.00292124 0.00332238 -0.0961262 -0.0034575 0.995363 0.603461 0 0 0 1
0.990997 0.00243799 0.133862 0.165296 -0.00315511 0.999982 0.00514525 0.00526453 -0.133847 -0.00552128 0.990987 0.787009 0 0 0 1
0.984881 -0.000879759 0.173229 0.240194 -0.000114861 0.999983 0.00573155 0.00762504 -0.173231 -0.00566479 0.984865 0.981257 0 0 0 1
0.976339 -0.00120927 0.216243 0.322055 -0.000310527 0.999976 0.00699408 0.0112124 -0.216246 -0.00689574 0.976315 1.18545 0 0 0 1
0.964481 -0.00117521 0.26415 0.417005 -0.00134706 0.999955 0.0093673 0.0147447 -0.26415 -0.00939041 0.964436 1.39947 0 0 0 1
0.950099 -0.0041779 0.311922 0.531827 -0.00100985 0.999864 0.0164682 0.0136174 -0.311948 -0.0159614 0.949965 1.62004 0 0 0 1
0.933357 -0.0141607 0.358671 0.677219 0.00559375 0.999674 0.0249118 0.0130424 -0.358907 -0.0212452 0.933131 1.84193 0 0 0 1
0.912332 -0.0201489 0.408955 0.832805 0.00886498 0.999526 0.0294691 0.0160161 -0.409355 -0.0232602 0.912078 2.06305 0 0 0 1
0.887266 -0.0217766 0.460745 0.999102 0.00735562 0.999426 0.0330719 0.019082 -0.4612 -0.0259545 0.886916 2.28691 0 0 0 1
0.859021 -0.024093 0.511373 1.18805 0.00546011 0.999266 0.0379078 0.0241649 -0.511911 -0.0297714 0.858522 2.5128 0 0 0 1
0.827045 -0.0291826 0.561377 1.39978 0.00663136 0.999089 0.042167 0.030702 -0.562096 -0.0311513 0.826485 2.73337 0 0 0 1
0.791186 -0.0348668 0.610581 1.6342 0.00879173 0.998919 0.0456503 0.0365377 -0.611512 -0.0307498 0.790637 2.94802 0 0 0 1
0.753274 -0.0392851 0.656532 1.89011 0.00984635 0.998776 0.0484669 0.0459988 -0.657633 -0.0300444 0.752739 3.16052 0 0 0 1
0.713545 -0.042625 0.699311 2.16615 0.011123 0.998711 0.0495248 0.0599496 -0.700521 -0.0275598 0.7131 3.36974 0 0 0 1
0.671642 -0.0446076 0.739532 2.4659 0.0107743 0.998668 0.0504533 0.0758113 -0.740798 -0.0259186 0.671228 3.5799 0 0 0 1
0.628907 -0.0449307 0.776181 2.78467 0.00614424 0.998585 0.0528265 0.0923252 -0.777456 -0.0284539 0.628293 3.79215 0 0 0 1
0.587043 -0.0457742 0.808261 3.1319 0.00320081 0.998524 0.0542246 0.107799 -0.80955 -0.0292451 0.586323 4.00037 0 0 0 1
0.54685 -0.047003 0.83591 3.50761 0.00157947 0.998479 0.0551109 0.124132 -0.837229 -0.0288171 0.546093 4.20225 0 0 0 1
0.507997 -0.0495277 0.859934 3.90936 0.000312051 0.998356 0.0573157 0.139237 -0.861359 -0.0288479 0.507177 4.40213 0 0 0 1
0.470574 -0.0493977 0.880977 4.33856 -0.00250618 0.998353 0.0573178 0.157557 -0.882357 -0.0291802 0.469675 4.60041 0 0 0 1
0.434111 -0.0487622 0.899539 4.7942 -0.00383341 0.998425 0.0559726 0.177527 -0.900851 -0.0277466 0.43324 4.79182 0 0 0 1
0.400198 -0.04738 0.915203 5.27773 -0.00245982 0.998604 0.0527733 0.198795 -0.916425 -0.023371 0.399523 4.97413 0 0 0 1
0.370513 -0.0457935 0.927698 5.78974 -0.000340734 0.998777 0.0494382 0.222015 -0.928827 -0.0186336 0.370045 5.15204 0 0 0 1
0.34475 -0.0439101 0.937667 6.32974 0.00104787 0.998923 0.0463934 0.245396 -0.938694 -0.0150116 0.344424 5.33072 0 0 0 1
0.323912 -0.0432049 0.9451 6.89535 0.00224003 0.998989 0.0449007 0.268641 -0.946085 -0.0124268 0.323681 5.51097 0 0 0 1
0.308753 -0.0437551 0.950135 7.49022 0.00319324 0.998983 0.0449669 0.290902 -0.951137 -0.0108497 0.308578 5.69297 0 0 0 1
0.297136 -0.0453506 0.953758 8.10924 0.00450666 0.998927 0.0460944 0.313121 -0.954825 -0.00939804 0.297021 5.87803 0 0 0 1
0.286173 -0.0473478 0.957007 8.7527 0.0033226 0.998821 0.048423 0.336787 -0.958172 -0.0106776 0.285993 6.0682 0 0 0 1
0.275582 -0.0491116 0.960022 9.42185 0.00166937 0.998717 0.0506119 0.362688 -0.961276 -0.0123451 0.275311 6.26027 0 0 0 1
0.265491 -0.0508294 0.962773 10.112 0.000929029 0.998622 0.0524658 0.390265 -0.964113 -0.0130347 0.265172 6.4497 0 0 0 1
0.255287 -0.0527671 0.965424 10.826 -0.000102406 0.998508 0.0546024 0.419317 -0.966865 -0.0140381 0.2549 6.63698 0 0 0 1
0.244707 -0.0544416 0.968067 11.5597 -0.000243316 0.998419 0.05621 0.451452 -0.969597 -0.0139905 0.244307 6.82054 0 0 0 1
0.234478 -0.0555749 0.970532 12.3115 -0.000267506 0.998361 0.0572331 0.486118 -0.972121 -0.0136795 0.234079 7.00076 0 0 0 1
0.22396 -0.0587676 0.972825 13.0823 -0.00167377 0.998156 0.0606831 0.523362 -0.974597 -0.0152189 0.223448 7.17825 0 0 0 1
0.212692 -0.0618736 0.975158 13.862 -0.00349926 0.997939 0.0640822 0.563146 -0.977113 -0.0170421 0.212037 7.35029 0 0 0 1
0.200565 -0.0664452 0.977425 14.6499 -0.00453508 0.997624 0.0687489 0.60349 -0.97967 -0.0182213 0.199787 7.51232 0 0 0 1
0.187692 -0.0688522 0.979812 15.4443 -0.00547979 0.997451 0.0711414 0.644343 -0.982213 -0.0187218 0.186836 7.6637 0 0 0 1
0.17366 -0.0694914 0.982351 16.2412 -0.0059673 0.997415 0.0716119 0.684979 -0.984788 -0.0182981 0.172797 7.80382 0 0 0 1
0.159331 -0.0685001 0.984846 17.046 -0.00730681 0.997481 0.070561 0.727244 -0.987198 -0.0184386 0.158429 7.93347 0 0 0 1
0.14296 -0.0674833 0.987425 17.857 -0.0079232 0.997563 0.0693232 0.767991 -0.989697 -0.017734 0.142077 8.04826 0 0 0 1
0.122735 -0.0658588 0.990252 18.6727 -0.010368 0.997656 0.0676363 0.806454 -0.992385 -0.0185683 0.121765 8.14736 0 0 0 1
0.0975705 -0.0646091 0.993129 19.4958 -0.0148343 0.997685 0.0663629 0.845649 -0.995118 -0.0212075 0.0963862 8.22821 0 0 0 1
0.0677029 -0.0643226 0.99563 20.322 -0.0191478 0.997652 0.0657553 0.885008 -0.997522 -0.0235159 0.0663123 8.28477 0 0 0 1
0.0347994 -0.0638987 0.997349 21.1563 -0.0224161 0.997653 0.0647003 0.923278 -0.999143 -0.0246082 0.0332854 8.31104 0 0 0 1
0.00055469 -0.0635769 0.997977 21.9927 -0.0243232 0.997681 0.0635716 0.958563 -0.999704 -0.0243093 -0.000992993 8.30631 0 0 0 1
-0.033402 -0.0624778 0.997487 22.8301 -0.0252004 0.997779 0.0616523 0.992926 -0.999124 -0.0230778 -0.0349023 8.27172 0 0 0 1
-0.0661884 -0.0603288 0.995982 23.6683 -0.0269971 0.997913 0.0586517 1.02565 -0.997442 -0.0230066 -0.067679 8.21111 0 0 0 1
-0.0985007 -0.0577237 0.993461 24.5048 -0.0297143 0.998042 0.0550437 1.05628 -0.994693 -0.0240982 -0.100023 8.12487 0 0 0 1
-0.130916 -0.0534283 0.989953 25.3386 -0.0276077 0.998356 0.0502309 1.08417 -0.991009 -0.0207543 -0.132176 8.00645 0 0 0 1
-0.162534 -0.0477726 0.985546 26.1689 -0.0222819 0.99875 0.0447379 1.10916 -0.986451 -0.0146884 -0.163395 7.85557 0 0 0 1
-0.192981 -0.0408726 0.980351 26.9916 -0.0163938 0.999127 0.0384284 1.12826 -0.981066 -0.00865574 -0.193482 7.67984 0 0 0 1
-0.221776 -0.0354826 0.974452 27.8116 -0.0103222 0.999367 0.0340406 1.1431 -0.975043 -0.00250907 -0.222002 7.47853 0 0 0 1
-0.249796 -0.029437 0.967851 28.631 -0.00221457 0.999552 0.0298296 1.15206 -0.968296 0.00530794 -0.249749 7.24669 0 0 0 1
-0.276085 -0.0201154 0.960923 29.438 0.00383484 0.99975 0.02203 1.15269 -0.961126 0.00976713 -0.275939 6.99772 0 0 0 1
-0.301554 -0.00461994 0.953438 30.2301 0.00851446 0.999935 0.0075382 1.14602 -0.953411 0.0103912 -0.301495 6.73168 0 0 0 1
-0.326361 0.0130686 0.945155 31.0117 0.00991887 0.999897 -0.0104006 1.13182 -0.945193 0.00598052 -0.326457 6.45245 0 0 0 1
-0.35147 0.0286345 0.935761 31.783 0.00990446 0.99959 -0.0268676 1.10861 -0.936147 -0.000174944 -0.351609 6.15769 0 0 0 1
-0.376247 0.0392935 0.925686 32.5509 0.0133103 0.999226 -0.0370052 1.07095 -0.926424 -0.00160196 -0.376479 5.83696 0 0 0 1
-0.399827 0.043415 0.915562 33.3101 0.0162331 0.999056 -0.0402852 1.02638 -0.916447 -0.0012447 -0.400154 5.49546 0 0 0 1
-0.422347 0.0431126 0.905409 34.0615 0.0195334 0.999069 -0.0384607 0.979089 -0.906224 0.00144191 -0.422796 5.1358 0 0 0 1
-0.44268 0.0391239 0.895826 34.8041 0.0230683 0.999214 -0.0322399 0.93199 -0.896383 0.00639326 -0.443234 4.75814 0 0 0 1
-0.460686 0.0366442 0.886806 35.5321 0.0296553 0.999225 -0.0258839 0.886977 -0.887068 0.0143742 -0.461415 4.36387 0 0 0 1
-0.474591 0.0383576 0.87937 36.2491 0.0336819 0.99911 -0.0254026 0.842691 -0.879562 0.017563 -0.475461 3.96323 0 0 0 1
-0.485803 0.0415012 0.873083 36.9541 0.0366632 0.998961 -0.0270845 0.80255 -0.873299 0.0188523 -0.486819 3.56221 0 0 0 1
-0.49572 0.0447255 0.86733 37.6482 0.0386395 0.99882 -0.0294218 0.763024 -0.867623 0.0189282 -0.496863 3.15798 0 0 0 1
-0.506304 0.0447444 0.861193 38.3394 0.032995 0.998927 -0.0325024 0.718993 -0.861723 0.011959 -0.507237 2.75641 0 0 0 1
-0.517882 0.042122 0.854415 39.0288 0.0306664 0.999059 -0.0306652 0.675753 -0.854902 0.0103208 -0.518686 2.34602 0 0 0 1
-0.526631 0.0441541 0.848947 39.7074 0.0333146 0.998955 -0.03129 0.634835 -0.849441 0.0118041 -0.527551 1.91565 0 0 0 1
-0.533754 0.0475128 0.844304 40.387 0.0369834 0.998777 -0.0328255 0.591596 -0.844831 0.0137045 -0.534858 1.47658 0 0 0 1
-0.53774 0.0508954 0.841573 41.0785 0.0378242 0.998628 -0.036225 0.548704 -0.842262 0.0123522 -0.538927 1.03265 0 0 0 1
-0.537585 0.0528051 0.841554 41.7841 0.0377559 0.998544 -0.0385372 0.50775 -0.842363 0.0110566 -0.538796 0.581091 0 0 0 1
-0.534423 0.0534107 0.843528 42.5075 0.03972 0.998486 -0.0380575 0.462197 -0.844283 0.0131661 -0.535735 0.121543 0 0 0 1
-0.52882 0.0516341 0.847162 43.2522 0.0380421 0.998587 -0.0371166 0.415769 -0.847881 0.0125998 -0.530037 -0.337837 0 0 0 1
-0.522072 0.0505852 0.8514 44.0165 0.0359842 0.998657 -0.0372692 0.369608 -0.852142 0.0111797 -0.523192 -0.795229 0 0 0 1
-0.515092 0.0500153 0.855674 44.7985 0.0342906 0.998699 -0.0377334 0.32292 -0.856449 0.00990543 -0.516137 -1.25557 0 0 0 1
-0.508881 0.0484495 0.859473 45.598 0.031536 0.998794 -0.0376313 0.275242 -0.860259 0.00795451 -0.509795 -1.71808 0 0 0 1
-0.504419 0.0464798 0.862207 46.4167 0.0273582 0.998909 -0.0378437 0.22512 -0.863026 0.00449938 -0.50514 -2.18261 0 0 0 1
-0.502901 0.0433891 0.863254 47.2534 0.0227591 0.999058 -0.0369563 0.172128 -0.864044 0.00106157 -0.503415 -2.65271 0 0 0 1
-0.503348 0.0407125 0.863124 48.1024 0.0195314 0.99917 -0.0357395 0.119194 -0.863863 -0.00113143 -0.503726 -3.13258 0 0 0 1
-0.504413 0.0392198 0.862571 48.9616 0.0179925 0.999228 -0.0349117 0.0661444 -0.863275 -0.0020901 -0.50473 -3.62261 0 0 0 1
-0.504852 0.0386067 0.862342 49.8291 0.0179186 0.999253 -0.0342458 0.015434 -0.86302 -0.00183707 -0.505166 -4.1198 0 0 0 1
-0.50505 0.0378033 0.862262 50.7099 0.0178576 0.999284 -0.0333509 -0.0339746 -0.862905 -0.00144597 -0.505364 -4.62652 0 0 0 1
-0.505073 0.0372661 0.862271 51.6009 0.0180443 0.999305 -0.0326191 -0.0846115 -0.862888 -0.000915947 -0.505395 -5.13853 0 0 0 1
-0.505153 0.0367508 0.862247 52.4966 0.017726 0.999324 -0.0322084 -0.135979 -0.862848 -0.000985971 -0.505463 -5.6542 0 0 0 1
-0.505393 0.0352101 0.862171 53.3994 0.0160803 0.999378 -0.0313874 -0.188942 -0.86274 -0.00199897 -0.505644 -6.17036 0 0 0 1
-0.505362 0.0342074 0.862229 54.299 0.0155739 0.999413 -0.0305219 -0.242812 -0.862767 -0.00199631 -0.505598 -6.68686 0 0 0 1
-0.504832 0.0335789 0.862564 55.1975 0.0143819 0.999432 -0.0304898 -0.298703 -0.863098 -0.0029869 -0.505028 -7.20142 0 0 0 1
-0.503677 0.0321203 0.863294 56.0947 0.0138835 0.99948 -0.0290872 -0.353124 -0.86378 -0.00266499 -0.503862 -7.71422 0 0 0 1
-0.501636 0.0299206 0.864561 56.9923 0.0143107 0.999552 -0.026289 -0.406771 -0.86496 -0.000815015 -0.501839 -8.22564 0 0 0 1
-0.499224 0.0283896 0.866008 57.889 0.0146378 0.999597 -0.0243307 -0.458755 -0.866349 0.000529969 -0.499438 -8.73335 0 0 0 1
-0.496907 0.0279848 0.867352 58.7829 0.0148923 0.999608 -0.0237202 -0.509048 -0.867676 0.00113021 -0.497129 -9.2367 0 0 0 1
-0.494733 0.0285266 0.868577 59.676 0.0155388 0.999592 -0.0239788 -0.55925 -0.868906 0.00163357 -0.494975 -9.73833 0 0 0 1
-0.493851 0.0288604 0.869067 60.5683 0.0153835 0.999583 -0.0244528 -0.609398 -0.86941 0.00129328 -0.494089 -10.2372 0 0 0 1
-0.494377 0.0302257 0.868722 61.4539 0.0147857 0.999543 -0.0263631 -0.661784 -0.869122 -0.000188574 -0.494597 -10.7311 0 0 0 1
-0.497217 0.0319222 0.867039 62.3353 0.0134689 0.999487 -0.0290747 -0.714447 -0.867522 -0.00277839 -0.497392 -11.2246 0 0 0 1
-0.501609 0.0325409 0.864482 63.209 0.0123676 0.99946 -0.0304456 -0.767391 -0.865006 -0.00458019 -0.501741 -11.7206 0 0 0 1
-0.50704 0.0313565 0.861352 64.0797 0.0129516 0.999502 -0.0287617 -0.819584 -0.861825 -0.0034275 -0.507194 -12.2248 0 0 0 1
-0.512531 0.0287416 0.858187 64.9401 0.0143775 0.999587 -0.0248907 -0.874991 -0.858548 -0.000418684 -0.512733 -12.7375 0 0 0 1
-0.517734 0.0265651 0.855129 65.7947 0.0118519 0.999645 -0.0238788 -0.928203 -0.85546 -0.00222796 -0.517864 -13.2456 0 0 0 1
-0.522636 0.0294116 0.852048 66.6375 0.0139965 0.999566 -0.0259184 -0.980535 -0.852441 -0.00162016 -0.522821 -13.7592 0 0 0 1
-0.527422 0.0318932 0.849005 67.4727 0.0143257 0.999487 -0.0286467 -1.03306 -0.849483 -0.0029463 -0.527609 -14.2738 0 0 0 1
-0.532312 0.0318328 0.84595 68.3062 0.0126751 0.99948 -0.0296343 -1.08716 -0.846453 -0.0050522 -0.532439 -14.7894 0 0 0 1
-0.536091 0.0322597 0.843544 69.1317 0.011711 0.999458 -0.0307797 -1.14106 -0.844079 -0.00662196 -0.536178 -15.3081 0 0 0 1
-0.539346 0.0313977 0.841498 69.9524 0.0124202 0.999493 -0.0293322 -1.19221 -0.841992 -0.00536865 -0.539463 -15.8304 0 0 0 1
-0.541839 0.0255655 0.840094 70.7749 0.0135932 0.999673 -0.0216545 -1.23853 -0.840373 -0.000313627 -0.542009 -16.3593 0 0 0 1
-0.543962 0.016561 0.838946 71.595 0.0132897 0.99985 -0.0111204 -1.28221 -0.839005 0.00510024 -0.544101 -16.8867 0 0 0 1
-0.545726 0.0119477 0.837878 72.4089 0.0126624 0.999902 -0.00601075 -1.31805 -0.837868 0.00732932 -0.545824 -17.4113 0 0 0 1
-0.546792 0.0194558 0.837043 73.2072 0.0138861 0.999803 -0.0141679 -1.35273 -0.837153 0.00387636 -0.546955 -17.9304 0 0 0 1
-0.547807 0.025436 0.836218 73.9993 0.0156367 0.999674 -0.0201644 -1.39123 -0.836459 0.00202952 -0.548026 -18.451 0 0 0 1
-0.54825 0.0300302 0.835775 74.7918 0.0211869 0.999533 -0.022016 -1.43003 -0.836046 0.00563727 -0.54863 -18.9758 0 0 0 1
-0.547992 0.030417 0.835931 75.5852 0.0248058 0.99949 -0.020107 -1.47562 -0.836116 0.00971748 -0.548467 -19.5001 0 0 0 1
-0.547453 0.027583 0.836382 76.3816 0.0240102 0.999563 -0.0172487 -1.51775 -0.836492 0.0106389 -0.547876 -20.0177 0 0 0 1
-0.546738 0.0234086 0.836977 77.1777 0.0230623 0.999651 -0.0128934 -1.55384 -0.836986 0.0122533 -0.547087 -20.5336 0 0 0 1
-0.545964 0.016778 0.837641 77.9762 0.0200755 0.999774 -0.00694064 -1.59077 -0.837568 0.0130267 -0.546178 -21.0457 0 0 0 1
-0.545509 0.0100616 0.838044 78.7734 0.0116155 0.999923 -0.0044443 -1.62293 -0.838024 0.0073099 -0.545584 -21.5451 0 0 0 1
-0.544067 0.0058129 0.839022 79.5709 0.00433753 0.999982 -0.00411538 -1.64745 -0.839031 0.00140025 -0.544082 -22.0433 0 0 0 1
-0.542074 0.00548841 0.840313 80.3597 0.00657633 0.999976 -0.00228894 -1.67258 -0.840305 0.0042854 -0.542097 -22.55 0 0 0 1
-0.538963 0.00798906 0.842292 81.1449 0.0107811 0.999938 -0.00258574 -1.69998 -0.842261 0.00768723 -0.539016 -23.0555 0 0 0 1
-0.533936 0.0125047 0.845433 81.9317 0.0132129 0.999892 -0.00644459 -1.7237 -0.845422 0.00772965 -0.534043 -23.552 0 0 0 1
-0.526242 0.0151573 0.850199 82.7216 0.0189903 0.999801 -0.00607004 -1.74471 -0.850123 0.0129512 -0.526426 -24.0456 0 0 0 1
-0.518116 0.0168656 0.855144 83.5172 0.0258639 0.999657 -0.00404529 -1.77022 -0.854919 0.0200214 -0.518375 -24.5351 0 0 0 1
-0.508315 0.0172389 0.860999 84.3188 0.0245195 0.999684 -0.00553985 -1.78853 -0.860822 0.0182953 -0.508577 -25.0028 0 0 0 1
-0.497473 0.0151648 0.867347 85.1309 0.022344 0.999739 -0.00466402 -1.80575 -0.867191 0.0170598 -0.497683 -25.4572 0 0 0 1
-0.485892 0.0115379 0.873943 85.9448 0.0221249 0.999755 -0.000897955 -1.82255 -0.873739 0.0188996 -0.486028 -25.9059 0 0 0 1
-0.474708 0.0100533 0.880086 86.7595 0.0218401 0.999761 0.000359921 -1.83985 -0.879872 0.0193921 -0.474814 -26.3393 0 0 0 1
-0.462842 0.00942472 0.886391 87.5835 0.0226134 0.999744 0.00117795 -1.85177 -0.886152 0.0205895 -0.462936 -26.7635 0 0 0 1
-0.450818 0.0105984 0.892553 88.4054 0.0249649 0.999688 0.000738845 -1.86907 -0.892267 0.0226155 -0.450942 -27.1776 0 0 0 1
-0.438641 0.0130433 0.898568 89.2309 0.0242154 0.999703 -0.00269046 -1.89388 -0.898336 0.020579 -0.438827 -27.5751 0 0 0 1
-0.426834 0.0238663 0.904015 90.052 0.0278508 0.999524 -0.0132379 -1.91775 -0.903901 0.0195272 -0.427296 -27.9625 0 0 0 1
-0.414165 0.0292161 0.909733 90.8807 0.0282089 0.999417 -0.019254 -1.94385 -0.909764 0.0176882 -0.414748 -28.3393 0 0 0 1
-0.402505 0.0251772 0.915071 91.7222 0.0263924 0.999525 -0.0158919 -1.97751 -0.915037 0.0177543 -0.402979 -28.702 0 0 0 1
-0.390554 0.0212382 0.920335 92.5673 0.0251664 0.999606 -0.0123879 -2.01159 -0.920236 0.0183234 -0.390934 -29.0556 0 0 0 1
-0.380573 0.0219692 0.92449 93.409 0.022215 0.999646 -0.0146103 -2.04625 -0.924484 0.0149773 -0.380926 -29.3951 0 0 0 1
-0.373305 0.0256643 0.927354 94.2488 0.0180409 0.999629 -0.0204022 -2.08206 -0.927533 0.009114 -0.373629 -29.7219 0 0 0 1
-0.368318 0.0311812 0.929177 95.0916 0.0123201 0.999513 -0.0286579 -2.11987 -0.929618 0.000892347 -0.368523 -30.0422 0 0 0 1
-0.364789 0.033035 0.930504 95.9368 0.0094768 0.99945 -0.0317675 -2.16316 -0.931042 -0.00277022 -0.364901 -30.3636 0 0 0 1
-0.361078 0.0326668 0.931963 96.7837 0.00742892 0.999455 -0.0321543 -2.20995 -0.932506 -0.00468673 -0.361124 -30.6831 0 0 0 1
-0.356201 0.032993 0.933827 97.628 0.00784246 0.999447 -0.03232 -2.25449 -0.934376 -0.00418893 -0.356263 -31 0 0 0 1
-0.35054 0.0297947 0.936074 98.4783 0.00577788 0.999544 -0.0296512 -2.30064 -0.93653 -0.00498539 -0.350552 -31.311 0 0 0 1
-0.345258 0.0251411 0.938171 99.3334 0.00470686 0.999675 -0.0250571 -2.34789 -0.938496 -0.00423535 -0.345264 -31.6166 0 0 0 1
-0.339492 0.0225064 0.94034 100.185 0.00382055 0.999738 -0.0225488 -2.39415 -0.940601 -0.00406251 -0.339489 -31.9141 0 0 0 1
-0.333777 0.0206379 0.942426 101.038 -0.00382144 0.999722 -0.023246 -2.4368 -0.942644 -0.0113604 -0.333606 -32.1956 0 0 0 1
-0.327715 0.0209873 0.944544 101.891 -0.0117725 0.999585 -0.0262948 -2.47966 -0.944703 -0.0197368 -0.327332 -32.469 0 0 0 1
-0.320959 0.023941 0.94679 102.739 -0.0107598 0.999524 -0.028922 -2.52431 -0.947032 -0.0194701 -0.320549 -32.7462 0 0 0 1
-0.313776 0.0279427 0.949086 103.589 -0.00787634 0.999456 -0.0320297 -2.56781 -0.949464 -0.0175254 -0.313385 -33.0235 0 0 0 1
-0.307151 0.0263672 0.951295 104.446 -0.00873529 0.999496 -0.0305237 -2.61093 -0.951621 -0.0176852 -0.306766 -33.2892 0 0 0 1
-0.300303 0.0211872 0.953609 105.307 -0.00961801 0.999635 -0.0252387 -2.6572 -0.953795 -0.0167511 -0.299989 -33.5536 0 0 0 1
-0.293216 0.0180181 0.955876 106.171 -0.01095 0.999694 -0.0222029 -2.70416 -0.955984 -0.0169771 -0.292929 -33.8099 0 0 0 1
-0.286761 0.0211186 0.957769 107.029 -0.0124976 0.999589 -0.0257826 -2.74546 -0.957921 -0.0193633 -0.286379 -34.0577 0 0 0 1
-0.280461 0.0237979 0.95957 107.89 -0.0125375 0.999516 -0.028453 -2.79032 -0.959784 -0.0200106 -0.280027 -34.2985 0 0 0 1
-0.273732 0.0254735 0.961469 108.752 -0.0137736 0.999443 -0.030401 -2.8359 -0.961707 -0.0215646 -0.273229 -34.534 0 0 0 1
-0.266896 0.0240113 0.963426 109.62 -0.0145734 0.999475 -0.028947 -2.88283 -0.963615 -0.0217662 -0.266406 -34.7636 0 0 0 1
-0.258928 0.0241828 0.965594 110.487 -0.0112554 0.999543 -0.0280513 -2.92851 -0.965831 -0.0181315 -0.258538 -34.9932 0 0 0 1
-0.251101 0.0249932 0.967638 111.354 -0.00760884 0.999585 -0.0277929 -2.97359 -0.967931 -0.0143414 -0.250807 -35.2185 0 0 0 1
-0.244418 0.0253949 0.969338 112.222 -0.00592158 0.999599 -0.0276808 -3.01784 -0.969652 -0.0125057 -0.244169 -35.4324 0 0 0 1
-0.237813 0.0245573 0.971001 113.094 -0.0116402 0.999537 -0.0281298 -3.06272 -0.971241 -0.0179922 -0.237416 -35.6311 0 0 0 1
-0.231998 0.0228707 0.972447 113.969 -0.0155713 0.999508 -0.0272221 -3.10652 -0.972592 -0.0214577 -0.231528 -35.8243 0 0 0 1
-0.227213 0.0224014 0.973587 114.842 -0.0134736 0.999567 -0.0261436 -3.15012 -0.973752 -0.0190579 -0.226813 -36.0232 0 0 0 1
-0.222444 0.0224969 0.974686 115.715 -0.0118942 0.999597 -0.0257864 -3.19387 -0.974873 -0.0173292 -0.222087 -36.2182 0 0 0 1
-0.217808 0.0249901 0.975672 116.586 -0.0111769 0.999543 -0.0280967 -3.23944 -0.975928 -0.0170247 -0.217429 -36.4078 0 0 0 1
-0.211926 0.0234217 0.977005 117.462 -0.00545645 0.999669 -0.0251486 -3.2792 -0.97727 -0.0106606 -0.211728 -36.6017 0 0 0 1
-0.206561 0.0222265 0.978181 118.337 0.0017078 0.999749 -0.0223559 -3.31838 -0.978432 -0.00294732 -0.206547 -36.7945 0 0 0 1
-0.20158 0.0210321 0.979246 119.21 0.00422369 0.999779 -0.0206036 -3.36186 -0.979463 -1.72381e-05 -0.201624 -36.9748 0 0 0 1
-0.197352 0.0231401 0.98006 120.085 0.00278766 0.999731 -0.0230432 -3.40109 -0.980329 -0.00181554 -0.197363 -37.1447 0 0 0 1
-0.193715 0.0250066 0.980739 120.956 0.00145314 0.999681 -0.0252026 -3.43852 -0.981057 -0.00345697 -0.19369 -37.3113 0 0 0 1
-0.191843 0.0239589 0.981133 121.83 -0.00125915 0.999695 -0.0246584 -3.48142 -0.981425 -0.00596594 -0.191754 -37.4746 0 0 0 1
-0.19096 0.0225967 0.981338 122.704 -0.00183402 0.999725 -0.023377 -3.52147 -0.981596 -0.00626386 -0.190866 -37.6388 0 0 0 1
-0.189788 0.0194002 0.981633 123.575 0.000181951 0.999805 -0.0197241 -3.55837 -0.981825 -0.0035648 -0.189755 -37.8087 0 0 0 1
-0.188693 0.0135298 0.981943 124.452 -0.000789014 0.999903 -0.0139289 -3.5961 -0.982036 -0.00340306 -0.188664 -37.9763 0 0 0 1
-0.187898 0.0105973 0.982131 125.321 -0.00124133 0.999938 -0.0110269 -3.63106 -0.982188 -0.00329108 -0.187873 -38.1415 0 0 0 1
-0.186456 0.0158289 0.982336 126.178 -0.000743319 0.999868 -0.0162525 -3.66426 -0.982463 -0.00376056 -0.186419 -38.3059 0 0 0 1
-0.186384 0.0201324 0.982271 127.034 -0.000505794 0.999788 -0.0205874 -3.69769 -0.982477 -0.00433399 -0.186334 -38.4697 0 0 0 1
-0.186556 0.0190435 0.98226 127.892 -0.00345715 0.999793 -0.02004 -3.73161 -0.982438 -0.00713441 -0.186451 -38.6294 0 0 0 1
-0.185917 0.018581 0.98239 128.749 -0.00501079 0.99979 -0.0198584 -3.77312 -0.982553 -0.00861456 -0.185785 -38.7892 0 0 0 1
-0.185494 0.0178119 0.982484 129.602 -0.00231526 0.999825 -0.0185634 -3.81251 -0.982643 -0.0057181 -0.18542 -38.9546 0 0 0 1
-0.184411 0.0210088 0.982625 130.449 -0.00208349 0.999761 -0.0217662 -3.84722 -0.982847 -0.00606121 -0.184323 -39.1154 0 0 0 1
-0.184721 0.0226617 0.98253 131.294 -0.0102767 0.999635 -0.0249883 -3.89019 -0.982737 -0.014713 -0.184421 -39.2548 0 0 0 1
-0.184556 0.023404 0.982543 132.134 -0.016906 0.999493 -0.0269833 -3.93234 -0.982677 -0.0215908 -0.184067 -39.3955 0 0 0 1
-0.184046 0.0273146 0.982538 132.97 -0.0145294 0.999429 -0.0305058 -3.97461 -0.98281 -0.0198902 -0.183544 -39.5459 0 0 0 1
-0.183669 0.0276597 0.982599 133.8 -0.0129526 0.999449 -0.0305552 -4.0189 -0.982903 -0.0183393 -0.183209 -39.6976 0 0 0 1
-0.181956 0.0294286 0.982866 134.623 -0.0136038 0.999381 -0.0324416 -4.06336 -0.983213 -0.0192737 -0.181443 -39.8443 0 0 0 1
-0.180114 0.0284682 0.983234 135.449 -0.00621794 0.999528 -0.0300791 -4.10548 -0.983626 -0.0115314 -0.179852 -39.9998 0 0 0 1
-0.176519 0.0259021 0.983956 136.267 -3.21605e-05 0.999654 -0.0263211 -4.14697 -0.984297 -0.00467783 -0.176457 -40.1528 0 0 0 1
-0.174523 0.0200347 0.984449 137.091 0.00383123 0.999799 -0.0196679 -4.18857 -0.984646 0.000339152 -0.174564 -40.3006 0 0 0 1
-0.170916 0.0198471 0.985086 137.902 0.00499089 0.999802 -0.0192777 -4.22637 -0.985273 0.0016216 -0.170981 -40.4378 0 0 0 1
-0.16571 0.0246158 0.985867 138.706 0.00708755 0.999692 -0.0237697 -4.26665 -0.986149 0.00304851 -0.165834 -40.5712 0 0 0 1
-0.159513 0.0274119 0.986815 139.506 0.00756058 0.999619 -0.0265454 -4.30391 -0.987167 0.00322655 -0.15966 -40.6961 0 0 0 1
-0.151062 0.0297888 0.988075 140.305 0.00852977 0.999548 -0.0288306 -4.33751 -0.988487 0.00407284 -0.151248 -40.8122 0 0 0 1
-0.141467 0.0247147 0.989634 141.108 0.00954997 0.999676 -0.0236004 -4.3779 -0.989897 0.0061123 -0.141657 -40.9186 0 0 0 1
-0.129592 0.02266 0.991308 141.906 0.0132947 0.999689 -0.0211135 -4.41946 -0.991478 0.0104431 -0.129853 -41.0186 0 0 0 1
-0.115812 0.0256289 0.99294 142.696 0.0181667 0.999555 -0.0236807 -4.45635 -0.993105 0.0152959 -0.116226 -41.1099 0 0 0 1
-0.101503 0.026777 0.994475 143.486 0.017859 0.999526 -0.0250902 -4.49187 -0.994675 0.0152136 -0.101933 -41.1841 0 0 0 1
-0.0875495 0.0266975 0.995802 144.276 0.0196606 0.999492 -0.0250679 -4.52788 -0.995966 0.0173834 -0.0880299 -41.2485 0 0 0 1
-0.0737808 0.0287124 0.996861 145.055 0.0208723 0.999411 -0.027241 -4.56764 -0.997056 0.0187969 -0.0743366 -41.3035 0 0 0 1
-0.0600738 0.0339639 0.997616 145.827 0.0181754 0.999292 -0.0329265 -4.6124 -0.998029 0.0161541 -0.0606486 -41.3448 0 0 0 1
-0.0472934 0.0437185 0.997924 146.59 0.0118518 0.998996 -0.0432038 -4.6579 -0.998811 0.00978398 -0.047764 -41.3669 0 0 0 1
-0.0336513 0.0519457 0.998083 147.35 0.00777533 0.998632 -0.0517122 -4.70461 -0.999403 0.00602024 -0.0340092 -41.3818 0 0 0 1
-0.0200261 0.0536897 0.998357 148.117 0.00711345 0.998539 -0.0535569 -4.75498 -0.999774 0.00602922 -0.0203788 -41.3901 0 0 0 1
-0.00816387 0.049529 0.998739 148.886 0.00350034 0.998768 -0.0495019 -4.81002 -0.999961 0.0030918 -0.00832718 -41.3845 0 0 0 1
0.00264641 0.0461504 0.998931 149.647 -0.000932719 0.998934 -0.0461481 -4.8662 -0.999996 -0.000809597 0.00268663 -41.3649 0 0 0 1
0.0119239 0.052251 0.998563 150.395 -0.00453245 0.998626 -0.0522002 -4.92257 -0.999919 -0.0039035 0.0121443 -41.3378 0 0 0 1
0.0187844 0.0607696 0.997975 151.137 -0.00711561 0.998134 -0.0606453 -4.97519 -0.999798 -0.00596201 0.0191818 -41.3074 0 0 0 1
0.0221897 0.064364 0.99768 151.884 -0.0106785 0.997884 -0.0641397 -5.02597 -0.999697 -0.00923046 0.0228301 -41.2717 0 0 0 1
0.0221937 0.0608602 0.997899 152.64 -0.0125648 0.998083 -0.060592 -5.08527 -0.999675 -0.0111936 0.0229159 -41.2432 0 0 0 1
0.0204575 0.0549707 0.998278 153.395 -0.0152005 0.998389 -0.0546653 -5.15008 -0.999675 -0.014056 0.0212601 -41.2166 0 0 0 1
0.0175613 0.0521558 0.998484 154.148 -0.0136494 0.998558 -0.0519196 -5.20464 -0.999753 -0.012717 0.0182479 -41.1929 0 0 0 1
0.0148169 0.0525573 0.998508 154.896 -0.0110838 0.998565 -0.0523959 -5.25394 -0.999829 -0.0102909 0.0153781 -41.172 0 0 0 1
0.0112463 0.0528694 0.998538 155.641 -0.00978968 0.998559 -0.0527603 -5.3093 -0.999889 -0.00918202 0.0117476 -41.1577 0 0 0 1
0.00638934 0.0504551 0.998706 156.393 -0.0110126 0.998669 -0.0503828 -5.36628 -0.999919 -0.0106764 0.00693647 -41.1387 0 0 0 1
0.00119961 0.0516939 0.998662 157.139 -0.0108261 0.998605 -0.051678 -5.41696 -0.999941 -0.0107496 0.00175758 -41.1293 0 0 0 1
-0.0047732 0.0497006 0.998753 157.886 -0.0121091 0.998688 -0.0497552 -5.47089 -0.999915 -0.0123315 -0.00416511 -41.1222 0 0 0 1
-0.0107499 0.0458941 0.998888 158.63 -0.0106793 0.998884 -0.0460088 -5.52808 -0.999885 -0.011162 -0.0102478 -41.1215 0 0 0 1
-0.0159377 0.0468302 0.998776 159.364 -0.0106964 0.998837 -0.0470038 -5.57782 -0.999816 -0.0114324 -0.0154182 -41.123 0 0 0 1
-0.0213959 0.0479385 0.998621 160.095 -0.0122063 0.998763 -0.0482069 -5.62837 -0.999697 -0.0132209 -0.0207843 -41.1264 0 0 0 1
-0.0255825 0.0498986 0.998427 160.822 -0.0130559 0.998652 -0.0502443 -5.6833 -0.999587 -0.0143208 -0.0248965 -41.1331 0 0 0 1
-0.028205 0.0517891 0.99826 161.542 -0.0132453 0.99855 -0.0521784 -5.73859 -0.999514 -0.014694 -0.0274782 -41.1434 0 0 0 1
-0.0299257 0.0538578 0.9981 162.256 -0.0104877 0.998475 -0.0541925 -5.78729 -0.999497 -0.0120895 -0.0293152 -41.1591 0 0 0 1
-0.0294026 0.052656 0.99818 162.975 -0.00698832 0.998576 -0.0528828 -5.8405 -0.999543 -0.00853049 -0.0289928 -41.173 0 0 0 1
-0.0256113 0.048586 0.998491 163.691 -0.00453231 0.998802 -0.0487174 -5.89541 -0.999662 -0.00577318 -0.0253604 -41.1846 0 0 0 1
-0.018445 0.0478047 0.998686 164.399 -0.0035095 0.998847 -0.0478772 -5.9504 -0.999824 -0.00438799 -0.018256 -41.186 0 0 0 1
-0.00741842 0.0489551 0.998773 165.099 -0.000648681 0.9988 -0.0489613 -6.0016 -0.999972 -0.0010111 -0.00737777 -41.1839 0 0 0 1
0.00712135 0.0490973 0.998769 165.795 0.00200509 0.998791 -0.0491127 -6.04844 -0.999973 0.00235237 0.0070143 -41.1698 0 0 0 1
0.0224395 0.0473493 0.998626 166.486 0.00162725 0.998875 -0.0473976 -6.09324 -0.999747 0.0026886 0.0223372 -41.1399 0 0 0 1
0.0384172 0.0421594 0.998372 167.171 -0.00366878 0.999109 -0.0420494 -6.13722 -0.999255 -0.00204739 0.0385376 -41.0908 0 0 0 1
0.0549186 0.0357084 0.997852 167.853 -0.00464081 0.999359 -0.035507 -6.18167 -0.99848 -0.00268085 0.0550491 -41.0367 0 0 0 1
0.0719245 0.0286884 0.996997 168.53 -0.00499205 0.999584 -0.0284027 -6.22156 -0.997398 -0.00293421 0.0720378 -40.9753 0 0 0 1
0.0895799 0.0210853 0.995756 169.2 -0.00508553 0.999772 -0.0207128 -6.25788 -0.995967 -0.00320849 0.0896667 -40.9015 0 0 0 1
0.106909 0.0150682 0.994155 169.861 -0.00726847 0.99987 -0.0143731 -6.29179 -0.994242 -0.00568936 0.107004 -40.8143 0 0 0 1
0.124729 0.0122457 0.992115 170.511 -0.0080808 0.999903 -0.0113259 -6.3217 -0.992158 -0.00660442 0.124816 -40.718 0 0 0 1
0.142878 0.0112581 0.989676 171.158 -0.00592943 0.999927 -0.0105187 -6.34594 -0.989722 -0.00436533 0.142935 -40.6147 0 0 0 1
0.160323 0.0105111 0.987009 171.786 -0.00732782 0.999928 -0.00945846 -6.36481 -0.987037 -0.00571621 0.160389 -40.4987 0 0 0 1
0.176537 0.0102754 0.98424 172.414 -0.0114185 0.9999 -0.00839084 -6.38392 -0.984228 -0.00975728 0.176637 -40.3684 0 0 0 1
0.190988 0.00626599 0.981572 173.035 -0.0141726 0.999893 -0.00362532 -6.39849 -0.98149 -0.0132191 0.191056 -40.2344 0 0 0 1
0.203374 0.00255464 0.979098 173.657 -0.0112145 0.999937 -0.000279601 -6.41447 -0.979037 -0.0109232 0.203389 -40.1008 0 0 0 1
0.214372 0.00117223 0.976751 174.272 -0.00804995 0.999967 0.00056666 -6.42985 -0.976719 -0.00798428 0.214374 -39.9616 0 0 0 1
0.224297 0.00460304 0.97451 174.874 -0.0124267 0.999921 -0.00186291 -6.44546 -0.974442 -0.011692 0.224336 -39.8048 0 0 0 1
0.233092 0.0112771 0.972389 175.466 -0.0173442 0.999822 -0.00743763 -6.46203 -0.9723 -0.0151317 0.233246 -39.6434 0 0 0 1
0.242273 0.0212694 0.969975 176.053 -0.0168254 0.999701 -0.0177187 -6.47678 -0.970062 -0.0120275 0.242559 -39.4894 0 0 0 1
0.250741 0.0276138 0.96766 176.644 -0.0115699 0.999607 -0.0255275 -6.49151 -0.967985 -0.00479493 0.250962 -39.3373 0 0 0 1
0.257423 0.0264699 0.965936 177.238 -0.0099837 0.999644 -0.024733 -6.50371 -0.966247 -0.00327676 0.257596 -39.1767 0 0 0 1
0.263312 0.0192785 0.964518 177.841 -0.012999 0.99978 -0.0164346 -6.52343 -0.964623 -0.00821031 0.263505 -38.9982 0 0 0 1
0.267602 0.00885019 0.963489 178.446 -0.0164852 0.999853 -0.00460558 -6.54275 -0.963389 -0.0146508 0.267709 -38.8177 0 0 0 1
0.269765 -0.000218128 0.962926 179.051 -0.0186983 0.99981 0.00546484 -6.56367 -0.962745 -0.0194793 0.26971 -38.6378 0 0 0 1
0.27081 -0.0013557 0.962632 179.65 -0.0146569 0.999877 0.00553146 -6.57702 -0.962521 -0.0156072 0.270757 -38.4682 0 0 0 1
0.272159 0.00135003 0.962251 180.245 -0.0111857 0.999936 0.00176083 -6.58749 -0.962187 -0.0112427 0.272157 -38.2985 0 0 0 1
0.273782 0.000660806 0.961792 180.842 -0.00739557 0.999972 0.00141817 -6.58982 -0.961763 -0.00750127 0.273779 -38.1301 0 0 0 1
0.275504 -0.000519835 0.9613 181.442 -0.0097529 0.999947 0.00333587 -6.59249 -0.96125 -0.0102945 0.275485 -37.9539 0 0 0 1
0.278149 -0.00448208 0.960528 182.043 -0.00957241 0.999927 0.0074379 -6.59949 -0.96049 -0.0112634 0.278085 -37.7736 0 0 0 1
0.281282 -0.00993384 0.959574 182.654 -0.00945139 0.999869 0.0131215 -6.61014 -0.959579 -0.0127602 0.281151 -37.5851 0 0 0 1
0.28545 -0.0131917 0.958303 183.268 -0.00816876 0.999835 0.0161966 -6.61816 -0.958359 -0.0124515 0.285295 -37.3932 0 0 0 1
0.291585 -0.0148362 0.95643 183.883 -0.00615485 0.99983 0.0173858 -6.62254 -0.956525 -0.0109561 0.291444 -37.1959 0 0 0 1
0.299558 -0.0179486 0.953909 184.499 -0.00414244 0.999789 0.0201127 -6.62497 -0.954069 -0.00997643 0.299421 -36.9942 0 0 0 1
0.309041 -0.0200523 0.950837 185.112 -0.00179404 0.999764 0.0216672 -6.62532 -0.951047 -0.0084019 0.308932 -36.7873 0 0 0 1
0.32015 -0.0184213 0.947188 185.721 -0.00283484 0.999788 0.0204024 -6.62647 -0.947363 -0.00921696 0.320029 -36.5686 0 0 0 1
0.331665 -0.014675 0.943283 186.326 -0.00438271 0.999844 0.0170959 -6.62912 -0.943387 -0.00980426 0.331549 -36.3363 0 0 0 1
0.343208 -0.0111109 0.939193 186.937 -0.00526582 0.999892 0.0137533 -6.63087 -0.939245 -0.00966588 0.343113 -36.0976 0 0 0 1
0.354934 -0.0103546 0.934834 187.555 -0.00415549 0.999911 0.0126532 -6.6363 -0.934882 -0.00837575 0.35486 -35.8473 0 0 0 1
0.366326 -0.0134196 0.93039 188.18 -0.00298295 0.999874 0.0155963 -6.64173 -0.930482 -0.00848864 0.36624 -35.5867 0 0 0 1
0.377331 -0.0149954 0.925957 188.795 -0.00447846 0.999828 0.0180166 -6.64701 -0.926068 -0.0109451 0.377198 -35.3117 0 0 0 1
0.388728 -0.0156824 0.921219 189.409 -0.00548101 0.999798 0.0193329 -6.64732 -0.921336 -0.0125644 0.388564 -35.0321 0 0 0 1
0.398348 -0.0170423 0.917076 190.033 -0.00971132 0.999693 0.0227959 -6.64656 -0.917183 -0.0179867 0.39806 -34.745 0 0 0 1
0.405595 -0.0154607 0.913922 190.658 -0.0129693 0.999659 0.0226668 -6.64535 -0.913961 -0.0210465 0.405256 -34.4535 0 0 0 1
0.410017 -0.0180114 0.9119 191.298 -0.0137678 0.999569 0.0259334 -6.64644 -0.911974 -0.023188 0.409592 -34.1583 0 0 0 1
0.412536 -0.0226034 0.910661 191.951 -0.0111506 0.999492 0.0298596 -6.64243 -0.910873 -0.0224726 0.412075 -33.867 0 0 0 1
0.4128 -0.0208463 0.910583 192.598 -0.0068345 0.999639 0.0259834 -6.63646 -0.910796 -0.0169493 0.412509 -33.577 0 0 0 1
0.411606 -0.0211012 0.911117 193.254 -0.00565274 0.999654 0.0257053 -6.62934 -0.911344 -0.0157308 0.411344 -33.2804 0 0 0 1
0.410846 -0.0199833 0.911486 193.922 -0.00213846 0.999736 0.022882 -6.62461 -0.911702 -0.0113502 0.410695 -32.9843 0 0 0 1
0.410652 -0.0211623 0.911547 194.608 0.00191011 0.999748 0.0223495 -6.62002 -0.91179 -0.00743671 0.410589 -32.6899 0 0 0 1
0.40999 -0.0276888 0.911669 195.294 0.00515607 0.999593 0.0280405 -6.61368 -0.912075 -0.0067957 0.409966 -32.3922 0 0 0 1
0.408926 -0.0306186 0.912054 195.982 0.00580329 0.999504 0.0309525 -6.60763 -0.912549 -0.00736439 0.408901 -32.092 0 0 0 1
0.407312 -0.0330807 0.91269 196.669 0.00572355 0.999417 0.0336699 -6.60188 -0.913271 -0.00849032 0.407264 -31.7888 0 0 0 1
0.405948 -0.0336088 0.913278 197.358 0.00566526 0.999397 0.0342598 -6.59009 -0.913879 -0.00873376 0.405894 -31.4845 0 0 0 1
0.40401 -0.0335804 0.914138 198.045 0.00420934 0.999384 0.0348515 -6.578 -0.914745 -0.0102325 0.403902 -31.1795 0 0 0 1
0.402282 -0.0328332 0.914927 198.729 0.0033507 0.999403 0.0343914 -6.56803 -0.91551 -0.0107694 0.402152 -30.8781 0 0 0 1
0.40103 -0.0298515 0.915578 199.414 0.00382813 0.999515 0.0309114 -6.55833 -0.916057 -0.00889144 0.40095 -30.5785 0 0 0 1
0.400298 -0.0237999 0.916076 200.096 0.00466328 0.999703 0.0239348 -6.54418 -0.916373 -0.00530914 0.40029 -30.2827 0 0 0 1
0.399329 -0.0199839 0.91659 200.778 0.00229843 0.999781 0.0207963 -6.53096 -0.916805 -0.00619785 0.399287 -29.9821 0 0 0 1
0.397841 -0.0225581 0.917177 201.464 0.000905469 0.999707 0.0241952 -6.52004 -0.917454 -0.00879537 0.397745 -29.6788 0 0 0 1
0.396725 -0.0258715 0.917573 202.149 -0.0011667 0.999588 0.0286884 -6.50884 -0.917937 -0.0124519 0.396531 -29.3776 0 0 0 1
0.394369 -0.0258924 0.918588 202.833 -0.00485315 0.99953 0.0302575 -6.50073 -0.91894 -0.0163907 0.394058 -29.0747 0 0 0 1
0.389666 -0.0253492 0.920607 203.519 -0.0078961 0.999492 0.0308635 -6.4898 -0.920922 -0.0192957 0.389268 -28.7761 0 0 0 1
0.383329 -0.02641 0.923234 204.205 -0.00720134 0.999475 0.031581 -6.47628 -0.923584 -0.0187544 0.382938 -28.4904 0 0 0 1
0.374619 -0.0268342 0.92679 204.896 -0.0074321 0.999462 0.0319425 -6.46675 -0.927149 -0.0188542 0.374218 -28.2123 0 0 0 1
0.364746 -0.026354 0.930734 205.585 -0.00549169 0.999521 0.0304539 -6.46088 -0.931091 -0.0162193 0.364427 -27.9468 0 0 0 1
0.354258 -0.023168 0.934861 206.28 -0.00550968 0.999624 0.0268608 -6.45729 -0.935131 -0.0146665 0.353997 -27.6834 0 0 0 1
0.34272 -0.0221581 0.939176 206.978 -0.00846181 0.999608 0.0266717 -6.45162 -0.9394 -0.017088 0.342398 -27.4253 0 0 0 1
0.331727 -0.030128 0.942894 207.685 -0.00464632 0.999426 0.033569 -6.44287 -0.943364 -0.0155167 0.331397 -27.1817 0 0 0 1
0.323083 -0.0396562 0.945539 208.395 0.000499293 0.999129 0.0417332 -6.43156 -0.94637 -0.0130112 0.322822 -26.9494 0 0 0 1
0.315838 -0.0452075 0.947736 209.1 0.00144876 0.998886 0.0471646 -6.41269 -0.948812 -0.0135233 0.315551 -26.7165 0 0 0 1
0.311193 -0.0462393 0.949221 209.804 -0.00429069 0.998737 0.050058 -6.39084 -0.950337 -0.0196505 0.310602 -26.4771 0 0 0 1
0.308729 -0.0482884 0.949924 210.511 -0.00384993 0.998639 0.052016 -6.36811 -0.951142 -0.019716 0.308123 -26.2483 0 0 0 1
0.307054 -0.049062 0.950427 211.227 -0.00265433 0.998622 0.0524075 -6.34408 -0.951689 -0.0186147 0.306501 -26.0162 0 0 0 1
0.306042 -0.0475402 0.95083 211.938 -0.00255029 0.998708 0.0507549 -6.31628 -0.952015 -0.017958 0.305525 -25.7824 0 0 0 1
0.30564 -0.0449569 0.951085 212.653 -0.00582715 0.998778 0.0490839 -6.28839 -0.952129 -0.0205441 0.305004 -25.5427 0 0 0 1
0.306093 -0.0459401 0.950893 213.375 -0.00669947 0.998706 0.0504067 -6.26648 -0.951978 -0.0217996 0.305389 -25.3065 0 0 0 1
0.307865 -0.0469816 0.950269 214.099 -0.00734513 0.998633 0.0517524 -6.25069 -0.951402 -0.0229126 0.307099 -25.0741 0 0 0 1
0.309207 -0.0487953 0.949742 214.826 -0.00591204 0.998565 0.0532285 -6.23395 -0.950976 -0.0220735 0.308475 -24.8416 0 0 0 1
0.310711 -0.0498475 0.949197 215.557 -0.002316 0.998581 0.0531991 -6.21561 -0.950502 -0.0187279 0.310154 -24.6101 0 0 0 1
0.313738 -0.0511171 0.948133 216.292 -0.00112507 0.998529 0.0542065 -6.19215 -0.949509 -0.0180733 0.313219 -24.3673 0 0 0 1
0.318016 -0.0528612 0.946611 217.026 -0.00199601 0.998405 0.0564241 -6.17089 -0.948083 -0.0198332 0.317403 -24.1154 0 0 0 1
0.323029 -0.0568991 0.944677 217.764 -0.00422389 0.998094 0.0615608 -6.14147 -0.94638 -0.0238761 0.322173 -23.8528 0 0 0 1
0.32826 -0.0605318 0.942646 218.5 -0.00487124 0.997823 0.0657713 -6.10763 -0.944575 -0.0261819 0.32725 -23.5887 0 0 0 1
0.332702 -0.0607618 0.941072 219.237 -0.00542542 0.997782 0.0663414 -6.07659 -0.943016 -0.0271777 0.331635 -23.3179 0 0 0 1
0.337182 -0.057106 0.939706 219.973 -0.0117315 0.997826 0.0648474 -6.04878 -0.941366 -0.0328896 0.335779 -23.0374 0 0 0 1
0.34186 -0.0503862 0.938399 220.708 -0.0152061 0.998134 0.0591332 -6.01095 -0.939628 -0.0344846 0.340456 -22.7529 0 0 0 1
0.346471 -0.0468801 0.936888 221.445 -0.0190375 0.998193 0.056988 -5.97857 -0.937867 -0.0375807 0.344953 -22.466 0 0 0 1
0.351015 -0.0471091 0.935184 222.187 -0.0213903 0.99807 0.0583057 -5.95344 -0.936125 -0.0404701 0.34933 -22.175 0 0 0 1
0.355036 -0.045392 0.93375 222.925 -0.0233981 0.998076 0.0574156 -5.92593 -0.93456 -0.0422326 0.35329 -21.881 0 0 0 1
0.359075 -0.0424495 0.932343 223.667 -0.0235906 0.998233 0.054535 -5.90082 -0.933011 -0.0415767 0.357439 -21.584 0 0 0 1
0.363681 -0.0419132 0.93058 224.411 -0.023539 0.998255 0.0541605 -5.87852 -0.931226 -0.0416021 0.36206 -21.2857 0 0 0 1
0.368259 -0.0435673 0.928702 225.152 -0.0235762 0.998143 0.0561736 -5.85261 -0.929424 -0.0425817 0.366548 -20.9857 0 0 0 1
0.372566 -0.0440871 0.926958 225.888 -0.020038 0.998256 0.0555319 -5.82147 -0.927789 -0.0392637 0.371033 -20.6876 0 0 0 1
0.376869 -0.0440071 0.92522 226.617 -0.0168058 0.998381 0.0543325 -5.78642 -0.926114 -0.0360253 0.37552 -20.3891 0 0 0 1
0.381063 -0.0413974 0.923622 227.344 -0.0170525 0.998512 0.0517895 -5.74861 -0.924392 -0.0354851 0.37979 -20.0812 0 0 0 1
0.385359 -0.0419404 0.921813 228.072 -0.02168 0.998279 0.0544826 -5.71313 -0.922512 -0.0409803 0.383787 -19.7616 0 0 0 1
0.390009 -0.0423528 0.919836 228.794 -0.0248567 0.998093 0.0564952 -5.67005 -0.920475 -0.0448978 0.388213 -19.442 0 0 0 1
0.394014 -0.040171 0.918226 229.508 -0.022595 0.998319 0.0533706 -5.63504 -0.918827 -0.0417761 0.392444 -19.1299 0 0 0 1
0.398019 -0.0337253 0.916757 230.22 -0.0212042 0.998719 0.0459465 -5.59846 -0.917132 -0.0377267 0.396794 -18.8134 0 0 0 1
0.401292 -0.0270631 0.91555 230.932 -0.026806 0.998788 0.0412728 -5.56341 -0.915558 -0.0411047 0.40008 -18.4849 0 0 0 1
