1 1.19762e-11 1.70464e-10 5.55112e-17 1.19762e-11 1 3.5625e-10 0 1.70464e-10 3.5625e-10 1 2.22045e-16 0 0 0 1
0.999979 0.000502512 -0.00638036 -0.00459671 -0.000500516 1 0.000314488 -0.00200152 0.00638052 -0.000311287 0.99998 0.0915427 0 0 0 1
0.99991 0.00106152 -0.013406 -0.0100112 -0.00105876 0.999999 0.000212602 -0.0043597 0.0134062 -0.000198388 0.99991 0.185737 0 0 0 1
0.99978 0.00138676 -0.0209293 -0.0175337 -0.00139551 0.999999 -0.000403473 -0.00685966 0.0209287 0.000432591 0.999781 0.283467 0 0 0 1
0.999545 0.00202531 -0.0300821 -0.0286319 -0.00208007 0.999996 -0.00178933 -0.00672666 0.0300784 0.00185109 0.999546 0.38731 0 0 0 1
0.99914 0.00223071 -0.0413968 -0.042737 -0.00237911 0.999991 -0.00353604 -0.00730301 0.0413885 0.00363149 0.999137 0.50114 0 0 0 1
0.998489 0.00214563 -0.0549059 -0.0600001 -0.00239437 0.999987 -0.00446495 -0.00806547 0.0548956 0.00458967 0.998482 0.627936 0 0 0 1
0.997475 0.00222307 -0.0709793 -0.0827569 -0.00254505 0.999987 -0.0044461 -0.008995 0.0709685 0.00461552 0.997468 0.76694 0 0 0 1
0.99598 0.00099124 -0.0895723 -0.10905 -0.00139759 0.999989 -0.00447398 -0.0103398 0.0895669 0.00458118 0.99597 0.919181 0 0 0 1
0.993984 -0.000356469 -0.109529 -0.141533 -0.000140664 0.99999 -0.00453108 -0.0119509 0.109529 0.00451923 0.993973 1.08191 0 0 0 1
0.991298 -0.000451177 -0.131637 -0.181606 -0.000174551 0.999989 -0.00474187 -0.0160451 0.131637 0.00472359 0.991287 1.25138 0 0 0 1
0.98779 0.00292787 -0.155764 -0.232564 -0.00390087 0.999975 -0.00594128 -0.0226536 0.155743 0.00647636 0.987776 1.42564 0 0 0 1
0.983427 0.00728191 -0.181161 -0.293459 -0.00880976 0.999932 -0.00763044 -0.0311643 0.181093 0.00909996 0.983424 1.60414 0 0 0 1
0.978077 0.010802 -0.207962 -0.361651 -0.0127934 0.999884 -0.00823335 -0.0393336 0.207849 0.0107134 0.978102 1.78864 0 0 0 1
0.971348 0.0115839 -0.237378 -0.436624 -0.0140044 0.999866 -0.00851336 -0.0431351 0.237248 0.0115938 0.97138 1.97923 0 0 0 1
0.963284 0.0134457 -0.268149 -0.522492 -0.0161364 0.999839 -0.00783291 -0.0457364 0.268 0.0118723 0.963346 2.17302 0 0 0 1
0.953809 0.015772 -0.3 -0.620094 -0.0186138 0.999805 -0.00661687 -0.0490223 0.299837 0.0118953 0.953916 2.36874 0 0 0 1
0.942518 0.0177412 -0.333685 -0.724845 -0.0207382 0.99977 -0.00542118 -0.0514074 0.333513 0.0120296 0.942669 2.56569 0 0 0 1
0.929971 0.0203664 -0.367068 -0.839493 -0.023853 0.999703 -0.0049643 -0.0539779 0.366857 0.0133723 0.930181 2.75829 0 0 0 1
0.916037 0.0234985 -0.400405 -0.968759 -0.0274696 0.999614 -0.00418015 -0.05101 0.400152 0.0148281 0.916329 2.95042 0 0 0 1
0.899965 0.0243281 -0.435282 -1.10363 -0.0286601 0.999583 -0.00338884 -0.0467624 0.435018 0.0155251 0.900288 3.14209 0 0 0 1
0.881578 0.0205071 -0.471593 -1.24276 -0.0254376 0.999668 -0.00408163 -0.0429268 0.471352 0.0155944 0.881807 3.33311 0 0 0 1
0.860445 0.0155097 -0.509308 -1.39248 -0.0206389 0.999777 -0.00442243 -0.0423897 0.509125 0.0143168 0.860573 3.52303 0 0 0 1
0.835745 0.0168476 -0.548859 -1.56445 -0.0210993 0.999776 -0.00143913 -0.0449198 0.548712 0.0127833 0.835914 3.70627 0 0 0 1
0.806952 0.0237009 -0.590141 -1.76157 -0.026962 0.999631 0.0032791 -0.0489941 0.590001 0.0132653 0.807294 3.8807 0 0 0 1
0.774774 0.0268528 -0.631667 -1.96936 -0.0302277 0.999528 0.00541501 -0.0514114 0.631515 0.0148984 0.775221 4.0495 0 0 0 1
0.739082 0.0270362 -0.673073 -2.18783 -0.0307816 0.999506 0.00634811 -0.0535875 0.672912 0.0160265 0.739549 4.21588 0 0 0 1
0.699865 0.0230074 -0.713904 -2.41553 -0.0250627 0.999657 0.00764671 -0.0531892 0.713835 0.0125407 0.700202 4.38239 0 0 0 1
0.657474 0.0195883 -0.753223 -2.66315 -0.0200894 0.999762 0.00846414 -0.0528704 0.75321 0.00956689 0.657711 4.54077 0 0 0 1
0.613163 0.0193095 -0.78972 -2.92912 -0.0175086 0.999788 0.0108516 -0.0528379 0.789762 0.00717313 0.613371 4.68768 0 0 0 1
0.565477 0.0202905 -0.824514 -3.21551 -0.0155039 0.999782 0.0139707 -0.0513893 0.824618 0.00488307 0.565669 4.82443 0 0 0 1
0.514714 0.0208995 -0.857107 -3.51784 -0.0138224 0.999775 0.0160776 -0.0487755 0.85725 0.00357187 0.514888 4.94818 0 0 0 1
0.462231 0.0226723 -0.886469 -3.83696 -0.0131158 0.999739 0.0187303 -0.0450566 0.886662 0.00296899 0.462408 5.05727 0 0 0 1
0.408117 0.0248278 -0.912592 -4.17713 -0.0120297 0.99969 0.0218176 -0.0387884 0.91285 0.00207405 0.408289 5.15347 0 0 0 1
0.352822 0.0268515 -0.935305 -4.53434 -0.0117486 0.999636 0.0242666 -0.0332507 0.935617 0.00242675 0.353009 5.23379 0 0 0 1
0.297752 0.0299908 -0.954172 -4.91108 -0.00932325 0.99955 0.0285077 -0.0294544 0.954598 0.000407766 0.297897 5.30245 0 0 0 1
0.243942 0.0322658 -0.969253 -5.29933 -0.00523921 0.999476 0.0319533 -0.0269775 0.969776 -0.00271663 0.243983 5.36094 0 0 0 1
0.192812 0.0326078 -0.980694 -5.70136 -0.00220528 0.99946 0.0327982 -0.0230308 0.981233 -0.00416117 0.19278 5.40169 0 0 0 1
0.145101 0.0336242 -0.988845 -6.12209 -0.00399199 0.999434 0.0333985 -0.0160427 0.989409 -0.000898687 0.145153 5.42129 0 0 0 1
0.102061 0.0339239 -0.9942 -6.55899 -0.00614485 0.999421 0.0334713 -0.00575705 0.994759 0.0026931 0.10221 5.42767 0 0 0 1
0.0637819 0.0325162 -0.997434 -7.00909 -0.0073844 0.999457 0.0321099 0.00619158 0.997937 0.00531742 0.0639874 5.42402 0 0 0 1
0.0290473 0.0299117 -0.99913 -7.47343 -0.00652162 0.999537 0.0297343 0.0162511 0.999557 0.00565225 0.0292289 5.4107 0 0 0 1
-0.00272199 0.0272601 -0.999625 -7.95041 -0.00571875 0.999612 0.0272753 0.0230642 0.99998 0.00579085 -0.00256504 5.38928 0 0 0 1
-0.0296489 0.0255078 -0.999235 -8.44461 -0.00632638 0.99965 0.0257061 0.0306642 0.99954 0.0070837 -0.0294772 5.35364 0 0 0 1
-0.0509176 0.02313 -0.998435 -8.95301 -0.00682002 0.9997 0.0235071 0.0405748 0.99868 0.00800628 -0.0507446 5.31073 0 0 0 1
-0.0673328 0.0217397 -0.997494 -9.48038 -0.00647486 0.999732 0.0222256 0.0524899 0.99771 0.00795514 -0.067174 5.26387 0 0 0 1
-0.0806084 0.0221743 -0.996499 -10.023 -0.00534405 0.999729 0.0226785 0.0614173 0.996732 0.00715342 -0.080468 5.21123 0 0 0 1
-0.0904525 0.023836 -0.995615 -10.5792 -0.00638714 0.999679 0.0245136 0.065962 0.99588 0.00857645 -0.0902712 5.15308 0 0 0 1
-0.0972579 0.0254028 -0.994935 -11.1527 -0.00855978 0.999616 0.0263591 0.069364 0.995222 0.0110801 -0.0970031 5.08836 0 0 0 1
-0.101811 0.0262601 -0.994457 -11.7394 -0.00858781 0.999591 0.0272749 0.0785547 0.994767 0.0113171 -0.101544 5.02588 0 0 0 1
-0.103501 0.0264856 -0.994277 -12.3441 -0.00611794 0.999609 0.0272645 0.0912305 0.994611 0.00890482 -0.103298 4.96484 0 0 0 1
-0.102828 0.0284719 -0.994292 -12.9643 -0.00391926 0.999571 0.0290284 0.102671 0.994691 0.00688182 -0.102672 4.90181 0 0 0 1
-0.101358 0.0312698 -0.994358 -13.6002 -0.00459626 0.99948 0.0318994 0.109516 0.994839 0.00780359 -0.101161 4.83568 0 0 0 1
-0.0995049 0.0316529 -0.994533 -14.2516 -0.00704272 0.999446 0.032514 0.117824 0.995012 0.0102395 -0.0992269 4.76722 0 0 0 1
-0.0978642 0.0288084 -0.994783 -14.9134 -0.00877897 0.999517 0.0298092 0.129615 0.995161 0.0116504 -0.0975641 4.69736 0 0 0 1
-0.0966334 0.0285846 -0.99491 -15.5937 -0.00916853 0.99952 0.0296075 0.14508 0.995278 0.0119829 -0.0963249 4.63 0 0 0 1
-0.0950853 0.0308856 -0.99499 -16.291 -0.00869117 0.999455 0.0318548 0.162225 0.995431 0.0116765 -0.0947651 4.5633 0 0 0 1
-0.0932459 0.0343254 -0.995051 -17.0048 -0.00960684 0.999328 0.0353732 0.177019 0.995597 0.0128577 -0.0928535 4.49463 0 0 0 1
-0.0914335 0.0374973 -0.995105 -17.7332 -0.0107209 0.999196 0.0386366 0.190559 0.995754 0.0142011 -0.090958 4.42653 0 0 0 1
-0.0896302 0.0363379 -0.995312 -18.4718 -0.0119192 0.999223 0.0375541 0.209275 0.995904 0.0152293 -0.0891275 4.35925 0 0 0 1
-0.0877687 0.0334354 -0.99558 -19.2243 -0.0141812 0.999293 0.0348103 0.230556 0.99604 0.0171738 -0.0872325 4.29098 0 0 0 1
-0.0862001 0.0325267 -0.995747 -19.9883 -0.0155374 0.999301 0.0339878 0.250319 0.996157 0.0184011 -0.0856345 4.22312 0 0 0 1
-0.0845128 0.0348732 -0.995812 -20.7731 -0.0129009 0.999265 0.0360891 0.270352 0.996339 0.0158968 -0.0840008 4.16193 0 0 0 1
-0.0833162 0.0370589 -0.995834 -21.5645 -0.0105201 0.99922 0.0380651 0.288025 0.996468 0.0136477 -0.0828613 4.10022 0 0 0 1
-0.0819579 0.0393885 -0.995857 -22.3642 -0.00975452 0.999139 0.0403211 0.306224 0.996588 0.0130187 -0.0815031 4.03596 0 0 0 1
-0.0812507 0.0352639 -0.99607 -23.1642 -0.00982728 0.999297 0.0361798 0.321615 0.996645 0.0127283 -0.080847 3.97102 0 0 0 1
-0.080745 0.0278421 -0.996346 -23.9695 -0.00850847 0.999554 0.0286213 0.334206 0.996698 0.0107884 -0.0804721 3.90897 0 0 0 1
-0.0806846 0.0231728 -0.99647 -24.7895 -0.00503155 0.999708 0.0236555 0.349254 0.996727 0.00692242 -0.0805444 3.84905 0 0 0 1
-0.0811751 0.0226847 -0.996442 -25.6189 -0.00348515 0.999728 0.0230435 0.36151 0.996694 0.00534331 -0.0810739 3.78608 0 0 0 1
-0.0809869 0.0312379 -0.996225 -26.4614 -0.00449031 0.999487 0.0317052 0.37177 0.996705 0.00704107 -0.0808051 3.71634 0 0 0 1
-0.081326 0.0380605 -0.995961 -27.3076 -0.00564236 0.999237 0.0386464 0.385499 0.996672 0.00876253 -0.0810492 3.64475 0 0 0 1
-0.0816596 0.0438827 -0.995694 -28.1529 -0.00759569 0.998974 0.0446502 0.402882 0.996631 0.0112091 -0.0812425 3.56954 0 0 0 1
-0.0820488 0.0446594 -0.995627 -28.9976 -0.00938722 0.998917 0.0455805 0.419417 0.996584 0.013086 -0.0815407 3.4929 0 0 0 1
-0.0824529 0.0413361 -0.995737 -29.8372 -0.0096906 0.999059 0.0422765 0.437006 0.996548 0.0131351 -0.0819748 3.41846 0 0 0 1
-0.0829021 0.0380555 -0.995831 -30.6742 -0.00950835 0.999195 0.0389756 0.45666 0.996512 0.0126999 -0.0824735 3.34605 0 0 0 1
-0.0828897 0.0392207 -0.995787 -31.5159 -0.0110529 0.999128 0.0402724 0.476386 0.996498 0.0143445 -0.0823839 3.27199 0 0 0 1
-0.0826981 0.0419465 -0.995691 -32.3544 -0.0121429 0.998997 0.0430943 0.491726 0.996501 0.0156544 -0.0821058 3.19882 0 0 0 1
-0.0827172 0.0408226 -0.995737 -33.1952 -0.0130283 0.999031 0.0420399 0.507645 0.996488 0.0164502 -0.0821052 3.12363 0 0 0 1
-0.082312 0.0356638 -0.995968 -34.0263 -0.0137655 0.999223 0.036918 0.52419 0.996512 0.0167488 -0.0817572 3.05126 0 0 0 1
-0.0819513 0.0310542 -0.996152 -34.86 -0.0149903 0.999363 0.0323875 0.53867 0.996524 0.0175868 -0.0814336 2.98036 0 0 0 1
-0.0815139 0.0315769 -0.996172 -35.6964 -0.0150186 0.999346 0.0329064 0.550032 0.996559 0.0176434 -0.0809864 2.91062 0 0 0 1
-0.0807471 0.0344177 -0.99614 -36.5335 -0.0140771 0.999265 0.0356667 0.557955 0.996635 0.0169028 -0.0802032 2.84314 0 0 0 1
-0.0802824 0.0389324 -0.996011 -37.3737 -0.0135574 0.999102 0.0401459 0.570778 0.99668 0.0167264 -0.0796824 2.77507 0 0 0 1
-0.0796497 0.0444304 -0.995832 -38.2148 -0.0127558 0.998879 0.0455866 0.587861 0.996741 0.0163336 -0.0789937 2.70698 0 0 0 1
-0.0798066 0.0483564 -0.995637 -39.0492 -0.0128588 0.99869 0.0495354 0.605565 0.996728 0.0167559 -0.0790803 2.63885 0 0 0 1
-0.0795292 0.0477654 -0.995687 -39.8817 -0.0125399 0.998724 0.0489127 0.62465 0.996754 0.0163758 -0.0788287 2.57226 0 0 0 1
-0.079352 0.044257 -0.995864 -40.7117 -0.0124238 0.998892 0.0453815 0.646486 0.996769 0.0159736 -0.0787143 2.50481 0 0 0 1
-0.0789716 0.0395931 -0.99609 -41.5384 -0.0131533 0.999083 0.0407549 0.664017 0.99679 0.0163203 -0.0783784 2.43615 0 0 0 1
-0.0786237 0.0368357 -0.996224 -42.3652 -0.0171145 0.99912 0.0382936 0.680723 0.996758 0.0200606 -0.0779241 2.36307 0 0 0 1
-0.0791245 0.0346556 -0.996262 -43.1914 -0.020401 0.99913 0.0363757 0.697748 0.996656 0.023203 -0.0783486 2.29021 0 0 0 1
-0.0797655 0.0331277 -0.996263 -44.0152 -0.0191075 0.999213 0.0347556 0.709279 0.99663 0.0218084 -0.0790697 2.22368 0 0 0 1
-0.080995 0.029762 -0.99627 -44.8388 -0.0153585 0.999398 0.0311041 0.720699 0.996596 0.0178205 -0.0804891 2.16091 0 0 0 1
-0.0816822 0.0276288 -0.996275 -45.6612 -0.0111521 0.999528 0.0286333 0.733196 0.996596 0.0134494 -0.0813355 2.09662 0 0 0 1
-0.0833105 0.0308801 -0.996045 -46.4833 -0.0102472 0.99944 0.0318425 0.743445 0.996471 0.0128595 -0.0829474 2.02825 0 0 0 1
-0.0850662 0.0376011 -0.995665 -47.3074 -0.00839377 0.999225 0.0384527 0.753415 0.99634 0.0116284 -0.0846846 1.95912 0 0 0 1
-0.0868281 0.0416356 -0.995353 -48.1233 -0.0062984 0.999083 0.0423411 0.764692 0.996203 0.00994553 -0.0864862 1.89049 0 0 0 1
-0.088551 0.0404882 -0.995248 -48.9331 -0.00531943 0.99914 0.0411198 0.776721 0.996058 0.00893536 -0.0882595 1.82029 0 0 0 1
-0.0895886 0.0372222 -0.995283 -49.7355 -0.00920031 0.999228 0.0381979 0.787419 0.995936 0.012579 -0.0891769 1.74069 0 0 0 1
-0.0908813 0.0330685 -0.995313 -50.5325 -0.0133433 0.999318 0.03442 0.798993 0.995772 0.0164088 -0.0903781 1.65937 0 0 0 1
-0.0920265 0.0313735 -0.995262 -51.3287 -0.0176845 0.999294 0.0331358 0.812643 0.9956 0.02065 -0.0914067 1.5753 0 0 0 1
-0.093013 0.0326832 -0.995128 -52.1228 -0.0199385 0.9992 0.0346805 0.82195 0.995465 0.0230671 -0.0922869 1.49375 0 0 0 1
-0.0939629 0.0342964 -0.994985 -52.9159 -0.0194744 0.999152 0.0362792 0.83177 0.995385 0.0227856 -0.0932153 1.41681 0 0 0 1
-0.0948915 0.0338322 -0.994913 -53.702 -0.021269 0.999125 0.036004 0.841954 0.99526 0.0245773 -0.0940889 1.33748 0 0 0 1
-0.0954763 0.0336571 -0.994862 -54.484 -0.0223416 0.999104 0.0359447 0.849493 0.995181 0.0256587 -0.0946388 1.25899 0 0 0 1
-0.0960079 0.0352647 -0.994756 -55.263 -0.0208895 0.999081 0.0374342 0.860136 0.995161 0.0243739 -0.0951829 1.1847 0 0 0 1
-0.0963161 0.0378649 -0.99463 -56.0381 -0.0196675 0.999009 0.0399361 0.869673 0.995157 0.0234084 -0.0954759 1.11076 0 0 0 1
-0.0963189 0.0422914 -0.994452 -56.8107 -0.0202367 0.998807 0.0444367 0.882023 0.995145 0.0244045 -0.0953482 1.03264 0 0 0 1
-0.0967924 0.0447691 -0.994297 -57.5746 -0.0201771 0.998694 0.0469313 0.8957 0.9951 0.0246046 -0.0957627 0.956539 0 0 0 1
-0.0975123 0.0446177 -0.994234 -58.3304 -0.0197364 0.998711 0.0467544 0.910654 0.995039 0.0241817 -0.0965061 0.883063 0 0 0 1
-0.0979545 0.0428384 -0.994268 -59.0776 -0.0190669 0.998809 0.0449125 0.923455 0.995008 0.023357 -0.097021 0.810007 0 0 0 1
-0.0980363 0.0393111 -0.994406 -59.8104 -0.0188245 0.998968 0.0413473 0.93378 0.995005 0.0227727 -0.097195 0.735968 0 0 0 1
-0.0979993 0.036663 -0.994511 -60.5366 -0.0190444 0.999069 0.0387077 0.943218 0.995004 0.0227332 -0.0972098 0.662367 0 0 0 1
-0.0967559 0.0341608 -0.994722 -61.2455 -0.0195787 0.999152 0.0362173 0.950801 0.995116 0.0229796 -0.0960051 0.591948 0 0 0 1
-0.0944683 0.0333616 -0.994969 -61.9403 -0.0216631 0.999133 0.035558 0.956511 0.995292 0.0249133 -0.0936636 0.52376 0 0 0 1
-0.090656 0.034473 -0.995285 -62.6202 -0.0226635 0.99907 0.0366685 0.960729 0.995624 0.0258808 -0.0897904 0.461718 0 0 0 1
-0.0847887 0.0356292 -0.995762 -63.2855 -0.0217969 0.999055 0.0376031 0.965475 0.996161 0.0248929 -0.083932 0.408841 0 0 0 1
-0.0776913 0.0373761 -0.996277 -63.9355 -0.0209904 0.999014 0.0391156 0.969673 0.996756 0.0239512 -0.0768302 0.362295 0 0 0 1
-0.0690821 0.038785 -0.996857 -64.5705 -0.0220157 0.998941 0.0403918 0.974213 0.997368 0.0247369 -0.0681551 0.320188 0 0 0 1
-0.0571515 0.0405018 -0.997544 -65.1899 -0.0242857 0.998825 0.0419452 0.980183 0.99807 0.0266233 -0.0561008 0.285958 0 0 0 1
-0.0427109 0.0421161 -0.998199 -65.7914 -0.0273668 0.998687 0.0433076 0.988245 0.998713 0.0291673 -0.0415022 0.262767 0 0 0 1
-0.0242992 0.0434638 -0.998759 -66.3756 -0.0290734 0.998601 0.0441643 0.996652 0.999282 0.0301105 -0.0230015 0.255567 0 0 0 1
-0.00251887 0.0442621 -0.999017 -66.937 -0.0303018 0.998558 0.0443182 1.00371 0.999538 0.0303837 -0.00117401 0.26462 0 0 0 1
0.0228868 0.0450099 -0.998724 -67.4767 -0.0301212 0.998564 0.0443125 1.00921 0.999284 0.0290686 0.0242097 0.29417 0 0 0 1
0.0516576 0.0443931 -0.997678 -67.9905 -0.0285211 0.99867 0.0429604 1.01381 0.998258 0.0262356 0.052855 0.34556 0 0 0 1
0.0853605 0.0444826 -0.995357 -68.4821 -0.0275015 0.998727 0.0422747 1.01648 0.99597 0.0237652 0.0864752 0.416481 0 0 0 1
0.122757 0.0445896 -0.991435 -68.9541 -0.0268632 0.998773 0.0415935 1.01982 0.992073 0.0215272 0.123805 0.504881 0 0 0 1
0.162981 0.0442698 -0.985636 -69.4038 -0.0267163 0.998824 0.0404445 1.02154 0.986267 0.0197408 0.163972 0.611089 0 0 0 1
0.207799 0.0451837 -0.977127 -69.8485 -0.0257853 0.998838 0.0407041 1.02393 0.977832 0.0167372 0.208723 0.741967 0 0 0 1
0.255549 0.0441857 -0.965786 -70.2705 -0.0232395 0.998947 0.0395536 1.02434 0.966517 0.0123365 0.256307 0.895575 0 0 0 1
0.305282 0.0394029 -0.951446 -70.6817 -0.015721 0.999216 0.036337 1.02389 0.952132 0.00386464 0.305662 1.08074 0 0 0 1
0.356129 0.0341224 -0.933814 -71.0686 -0.0100925 0.999415 0.0326705 1.02589 0.934382 -0.00221035 0.356265 1.28575 0 0 0 1
0.407975 0.028899 -0.912536 -71.4514 -0.00449618 0.99955 0.0296446 1.03236 0.912982 -0.00799129 0.407921 1.51356 0 0 0 1
0.458975 0.0278676 -0.888012 -71.8142 -0.00438332 0.999567 0.0291029 1.04029 0.888438 -0.00946506 0.458899 1.75383 0 0 0 1
0.506901 0.0265393 -0.861596 -72.1708 -0.00318102 0.999577 0.028918 1.04555 0.861998 -0.0119178 0.506771 2.01365 0 0 0 1
0.552007 0.0226256 -0.833532 -72.5074 0.00400191 0.999548 0.0297822 1.04918 0.83383 -0.0197757 0.551668 2.29694 0 0 0 1
0.595663 0.0158558 -0.803078 -72.8107 0.0154981 0.999392 0.0312271 1.05219 0.803085 -0.0310469 0.595055 2.60177 0 0 0 1
0.638123 0.0105279 -0.769863 -73.1086 0.0176375 0.999444 0.0282867 1.05221 0.769733 -0.0316288 0.637582 2.90866 0 0 0 1
0.679371 0.00618386 -0.733769 -73.3852 0.014386 0.99966 0.0217442 1.05199 0.733654 -0.0253284 0.679051 3.22082 0 0 0 1
0.719879 -0.00115395 -0.694099 -73.6593 0.0113452 0.999885 0.0101042 1.05608 0.694007 -0.0151485 0.719809 3.55438 0 0 0 1
0.759359 -0.00490204 -0.650653 -73.9133 0.00711161 0.999974 0.000765914 1.05875 0.650633 -0.00520879 0.759374 3.91127 0 0 0 1
0.796718 -0.00604442 -0.60432 -74.1659 0.00580661 0.99998 -0.00234656 1.05786 0.604323 -0.0016395 0.796738 4.30055 0 0 0 1
0.831041 -0.00805902 -0.556153 -74.4017 0.00658853 0.999968 -0.00464515 1.05708 0.556172 0.000196083 0.831067 4.71851 0 0 0 1
0.862098 -0.0073745 -0.506688 -74.6152 0.00411451 0.999963 -0.00755319 1.05346 0.506725 0.00442682 0.862096 5.15583 0 0 0 1
0.888639 -0.00543266 -0.458576 -74.8256 0.00316561 0.999979 -0.00571215 1.04484 0.458597 0.00362436 0.888637 5.62316 0 0 0 1
0.910388 0.000124713 -0.413756 -75.0182 -0.00226879 0.999986 -0.00469062 1.03812 0.413749 0.00520901 0.910376 6.11025 0 0 0 1
0.928298 0.00441818 -0.371812 -75.2056 -0.0074125 0.999951 -0.00662441 1.03584 0.371765 0.00890548 0.928284 6.6181 0 0 0 1
0.942218 0.00882572 -0.334884 -75.3799 -0.0114355 0.999918 -0.00582221 1.03028 0.334805 0.00931536 0.942241 7.15198 0 0 0 1
0.952612 0.0103215 -0.304012 -75.5393 -0.0119483 0.999923 -0.00349133 1.02013 0.303952 0.00695832 0.952662 7.7061 0 0 0 1
0.960129 0.00916013 -0.279407 -75.692 -0.0101733 0.999946 -0.00217633 1.01045 0.279372 0.00493206 0.96017 8.28109 0 0 0 1
0.966141 0.00896154 -0.257857 -75.837 -0.00932614 0.999956 -0.000190856 1.00469 0.257844 0.00258921 0.966183 8.8744 0 0 0 1
0.970869 0.0116466 -0.23933 -75.9807 -0.0113308 0.999932 0.00269542 0.996633 0.239345 9.49051e-05 0.970935 9.48642 0 0 0 1
0.974526 0.0155648 -0.223734 -76.1223 -0.0151609 0.999879 0.00352298 0.988948 0.223761 -4.12383e-05 0.974644 10.1122 0 0 0 1
0.977506 0.0201345 -0.209944 -76.258 -0.0193928 0.999796 0.00559101 0.981275 0.210013 -0.00139384 0.977697 10.7552 0 0 0 1
0.980298 0.018425 -0.196663 -76.379 -0.0177442 0.999829 0.00522375 0.97681 0.196726 -0.0016312 0.980457 11.415 0 0 0 1
0.982961 0.018304 -0.1829 -76.4929 -0.0177018 0.999831 0.00492468 0.973449 0.182959 -0.00160311 0.983119 12.0915 0 0 0 1
0.985573 0.0186331 -0.168222 -76.602 -0.0179864 0.999824 0.00536704 0.970597 0.168292 -0.00226389 0.985735 12.7842 0 0 0 1
0.987906 0.0198539 -0.153775 -76.7027 -0.0191932 0.999799 0.00578015 0.965085 0.153859 -0.00275879 0.988089 13.4941 0 0 0 1
0.989823 0.0198647 -0.140914 -76.7966 -0.0195985 0.999802 0.00327692 0.954648 0.140951 -0.000481867 0.990017 14.2125 0 0 0 1
0.991342 0.0211852 -0.129583 -76.8846 -0.0215128 0.999768 -0.00112848 0.94373 0.129529 0.00390641 0.991568 14.9454 0 0 0 1
0.99262 0.0184529 -0.119858 -76.9646 -0.0195747 0.999775 -0.00818828 0.935227 0.11968 0.010474 0.992757 15.6878 0 0 0 1
0.993593 0.0178879 -0.111598 -77.0409 -0.0190629 0.999773 -0.00947056 0.926755 0.111403 0.0115373 0.993708 16.4468 0 0 0 1
0.994313 0.0197208 -0.104659 -77.1187 -0.0201468 0.999793 -0.00301479 0.913311 0.104578 0.00510619 0.994504 17.2186 0 0 0 1
0.994755 0.0243027 -0.0993551 -77.1988 -0.0238988 0.999701 0.00525384 0.897536 0.099453 -0.00285182 0.995038 17.9936 0 0 0 1
0.995155 0.0254706 -0.0949622 -77.272 -0.024584 0.999643 0.0104952 0.885944 0.0951956 -0.00810978 0.995426 18.7675 0 0 0 1
0.995525 0.023436 -0.0915485 -77.3372 -0.0227539 0.999705 0.00848691 0.87656 0.0917204 -0.00636584 0.995764 19.534 0 0 0 1
0.995815 0.0236652 -0.088273 -77.4024 -0.0230935 0.999705 0.00749147 0.867371 0.0884243 -0.00542159 0.996068 20.3015 0 0 0 1
0.996104 0.0220917 -0.0853713 -77.4637 -0.0213712 0.999728 0.00934427 0.859522 0.0855545 -0.00748338 0.996305 21.0725 0 0 0 1
0.996354 0.0202056 -0.0828944 -77.5211 -0.0192562 0.99974 0.012236 0.85142 0.0831201 -0.0105952 0.996483 21.843 0 0 0 1
0.996654 0.0178281 -0.0797727 -77.5734 -0.0167376 0.999757 0.0143185 0.840816 0.0800087 -0.0129354 0.99671 22.6143 0 0 0 1
0.996884 0.0170707 -0.0770141 -77.6221 -0.0162342 0.999802 0.0114745 0.827911 0.0771948 -0.0101885 0.996964 23.3777 0 0 0 1
0.996988 0.0195556 -0.075051 -77.6768 -0.0193261 0.999806 0.00378202 0.819127 0.0751104 -0.00232018 0.997172 24.1383 0 0 0 1
0.997095 0.0200511 -0.0734816 -77.7342 -0.020393 0.999784 -0.003906 0.804672 0.0733875 0.00539317 0.997289 24.8981 0 0 0 1
0.997169 0.0206347 -0.0723111 -77.7896 -0.0213227 0.999734 -0.00875425 0.790315 0.0721112 0.0102713 0.997344 25.6548 0 0 0 1
0.997269 0.0224867 -0.0703537 -77.8461 -0.0230236 0.999712 -0.00682929 0.773941 0.0701798 0.00843044 0.997499 26.4219 0 0 0 1
0.997363 0.0254421 -0.0679741 -77.9088 -0.0257147 0.999664 -0.00313722 0.75085 0.0678715 0.00487688 0.997682 27.1807 0 0 0 1
0.99741 0.0292804 -0.0656976 -77.969 -0.0291879 0.999571 0.00236826 0.729373 0.0657388 -0.000444544 0.997837 27.9392 0 0 0 1
0.997615 0.0272603 -0.0634161 -78.0201 -0.0270555 0.999626 0.00408552 0.713706 0.0635037 -0.00236002 0.997979 28.692 0 0 0 1
0.997764 0.0241441 -0.0623188 -78.0647 -0.0239567 0.999706 0.00375305 0.696969 0.0623911 -0.00225171 0.998049 29.4407 0 0 0 1
0.997861 0.0222399 -0.0614789 -78.1097 -0.0220172 0.999748 0.00429768 0.679877 0.061559 -0.00293489 0.998099 30.1928 0 0 0 1
0.997935 0.022265 -0.0602583 -78.1555 -0.0221432 0.999751 0.00268805 0.664743 0.0603032 -0.00134818 0.998179 30.9457 0 0 0 1
0.998014 0.0201165 -0.0596951 -78.1981 -0.0201199 0.999797 0.000543724 0.647677 0.059694 0.000658417 0.998217 31.7013 0 0 0 1
0.998084 0.0185388 -0.0590366 -78.2423 -0.0185066 0.999828 0.00109232 0.630163 0.0590467 2.33981e-06 0.998255 32.4641 0 0 0 1
0.998074 0.0215757 -0.0581525 -78.295 -0.0215167 0.999767 0.00163954 0.614909 0.0581743 -0.000385129 0.998306 33.2308 0 0 0 1
0.998078 0.0214559 -0.0581421 -78.3462 -0.0214523 0.99977 0.000684928 0.599053 0.0581434 0.000563672 0.998308 34.0009 0 0 0 1
0.997971 0.0215927 -0.0598951 -78.3993 -0.0215919 0.999767 0.000660338 0.578998 0.0598954 0.000634252 0.998205 34.7769 0 0 0 1
0.997893 0.019122 -0.0620006 -78.4497 -0.0190825 0.999817 0.00122982 0.564155 0.0620128 -4.41057e-05 0.998075 35.5615 0 0 0 1
0.997677 0.0201175 -0.0650774 -78.5072 -0.0201149 0.999797 0.000695325 0.547364 0.0650782 0.000615313 0.99788 36.3475 0 0 0 1
0.997391 0.0240216 -0.0680744 -78.5715 -0.0240046 0.999711 0.00106718 0.528529 0.0680804 0.000569701 0.99768 37.1435 0 0 0 1
0.99717 0.0255343 -0.0707053 -78.6362 -0.0258143 0.999662 -0.00304789 0.511017 0.0706036 0.00486448 0.997493 37.9375 0 0 0 1
0.99698 0.0253841 -0.0733861 -78.7004 -0.0260383 0.999629 -0.00797099 0.494083 0.0731565 0.00985776 0.997272 38.7352 0 0 0 1
0.996867 0.0242054 -0.0753035 -78.7627 -0.0249447 0.999649 -0.00889172 0.48257 0.0750619 0.0107423 0.997121 39.546 0 0 0 1
0.996677 0.0251998 -0.0774607 -78.8286 -0.0258697 0.999636 -0.0076569 0.464618 0.0772395 0.00963534 0.996966 40.3645 0 0 0 1
0.996525 0.0245251 -0.0796079 -78.8959 -0.0251031 0.999665 -0.00626756 0.446148 0.0794276 0.00824418 0.996807 41.1947 0 0 0 1
0.996414 0.0226324 -0.0815287 -78.9599 -0.0231287 0.999719 -0.00514684 0.433903 0.0813894 0.00701403 0.996658 42.0306 0 0 0 1
0.996337 0.0222196 -0.0825703 -79.029 -0.0224126 0.999748 -0.00141073 0.420782 0.0825182 0.00325618 0.996584 42.8743 0 0 0 1
0.996274 0.021833 -0.0834328 -79.1003 -0.0216373 0.999761 0.00324945 0.403992 0.0834838 -0.00143208 0.996508 43.7247 0 0 0 1
0.996315 0.0218358 -0.0829488 -79.1713 -0.0214088 0.999753 0.00603358 0.388897 0.08306 -0.0042355 0.996536 44.5789 0 0 0 1
0.996406 0.0253631 -0.0808233 -79.2467 -0.0249669 0.999671 0.00590938 0.375658 0.0809465 -0.00387024 0.996711 45.4386 0 0 0 1
0.996552 0.02539 -0.07899 -79.3186 -0.0250969 0.999674 0.00470207 0.363929 0.0790837 -0.00270346 0.996864 46.2992 0 0 0 1
0.996729 0.0230505 -0.0774653 -79.3849 -0.0229334 0.999734 0.00240124 0.349896 0.0775001 -0.000616844 0.996992 47.163 0 0 0 1
0.996934 0.0189356 -0.0759286 -79.4453 -0.0189516 0.99982 0.000510288 0.334438 0.0759246 0.000930244 0.997113 48.0317 0 0 0 1
0.997103 0.0174955 -0.0740227 -79.5086 -0.017513 0.999847 0.000413642 0.320996 0.0740186 0.000883914 0.997257 48.9021 0 0 0 1
0.997213 0.0158157 -0.0729178 -79.5738 -0.015658 0.999874 0.00273357 0.302792 0.0729518 -0.0015842 0.997334 49.7789 0 0 0 1
0.997304 0.0127052 -0.0722732 -79.6339 -0.0123422 0.999909 0.00546645 0.28675 0.0723361 -0.00455969 0.99737 50.6563 0 0 0 1
0.997379 0.0116636 -0.0714108 -79.6974 -0.0112773 0.999919 0.00581041 0.272043 0.0714728 -0.00498986 0.99743 51.5294 0 0 0 1
0.997431 0.013361 -0.0703713 -79.7647 -0.0131599 0.999908 0.00332158 0.257441 0.0704092 -0.00238697 0.997515 52.3966 0 0 0 1
0.997439 0.0159803 -0.0697131 -79.8336 -0.0161936 0.999866 -0.00249551 0.24086 0.0696639 0.00361802 0.997564 53.2548 0 0 0 1
0.997478 0.0176675 -0.0687377 -79.9004 -0.0182454 0.999803 -0.00778914 0.2201 0.0685866 0.00902365 0.997604 54.1135 0 0 0 1
0.997431 0.022215 -0.0680987 -79.9696 -0.0232407 0.999627 -0.0143061 0.1923 0.0677556 0.0158521 0.997576 54.9656 0 0 0 1
0.997486 0.022873 -0.0670685 -80.0326 -0.0239401 0.999599 -0.0151503 0.164934 0.066695 0.0167178 0.997633 55.8191 0 0 0 1
0.997576 0.0193623 -0.066832 -80.0927 -0.0200884 0.999746 -0.0102102 0.140807 0.0666174 0.011528 0.997712 56.6706 0 0 0 1
0.997559 0.0190535 -0.0671738 -80.1556 -0.0190555 0.999818 0.000610177 0.116112 0.0671732 0.000671345 0.997741 57.5269 0 0 0 1
0.99746 0.0204347 -0.0682371 -80.2224 -0.0198258 0.999757 0.00958969 0.0923346 0.0684166 -0.00821248 0.997623 58.3778 0 0 0 1
0.997347 0.0163714 -0.0709222 -80.2809 -0.0160046 0.999855 0.0057371 0.0751001 0.0710059 -0.0045868 0.997465 59.2131 0 0 0 1
0.997263 0.0102704 -0.0732244 -80.3387 -0.0101214 0.999946 0.00240621 0.0591432 0.0732451 -0.00165849 0.997313 60.0426 0 0 0 1
0.997069 0.00983984 -0.0758772 -80.4031 -0.00974568 0.999951 0.00161117 0.0400065 0.0758893 -0.000866969 0.997116 60.8722 0 0 0 1
0.996859 0.0111794 -0.0784089 -80.474 -0.0112999 0.999936 -0.0010923 0.0182673 0.0783917 0.00197488 0.996921 61.6957 0 0 0 1
0.996554 0.0130284 -0.0819199 -80.5497 -0.0134249 0.999901 -0.00429102 -0.00374266 0.0818559 0.00537601 0.99663 62.5136 0 0 0 1
0.996204 0.013562 -0.0859821 -80.6209 -0.0142963 0.999866 -0.00793028 -0.0263229 0.0858631 0.00912941 0.996265 63.3279 0 0 0 1
0.995902 0.0146975 -0.0892351 -80.696 -0.0158603 0.999798 -0.0123351 -0.0545281 0.0890358 0.0136999 0.995934 64.1363 0 0 0 1
0.995532 0.0201808 -0.0922393 -80.7781 -0.0213344 0.999706 -0.0115371 -0.0838 0.0919793 0.0134534 0.99567 64.9451 0 0 0 1
0.995136 0.023006 -0.0957868 -80.8597 -0.024093 0.999658 -0.0102074 -0.109077 0.0955191 0.0124655 0.99535 65.7528 0 0 0 1
0.994672 0.0264446 -0.099644 -80.9452 -0.0270643 0.999622 -0.00487164 -0.136047 0.0994775 0.00754248 0.995011 66.5593 0 0 0 1
0.994252 0.0274951 -0.103473 -81.0341 -0.0274247 0.999622 0.00210304 -0.157383 0.103491 0.000746751 0.99463 67.3635 0 0 0 1
0.993751 0.0268536 -0.10834 -81.1234 -0.0264261 0.999636 0.00537975 -0.175582 0.108445 -0.00248314 0.994099 68.16 0 0 0 1
0.993035 0.0264096 -0.114823 -81.2192 -0.025899 0.999647 0.00593664 -0.191356 0.114939 -0.0029215 0.993368 68.9488 0 0 0 1
0.992384 0.0238864 -0.120844 -81.3168 -0.0229016 0.999692 0.00953191 -0.204217 0.121035 -0.00669179 0.992626 69.7395 0 0 0 1
0.991573 0.0240792 -0.127291 -81.4216 -0.0230402 0.999688 0.0096287 -0.217481 0.127483 -0.00661474 0.991819 70.5203 0 0 0 1
0.990675 0.0287854 -0.133169 -81.5423 -0.0278125 0.999571 0.0091609 -0.230556 0.133375 -0.00537172 0.991051 71.2919 0 0 0 1
0.989841 0.0306036 -0.138845 -81.6637 -0.0301339 0.999531 0.00548443 -0.242631 0.138948 -0.00124475 0.990299 72.0594 0 0 0 1
0.988986 0.0296895 -0.145002 -81.7834 -0.0296372 0.999557 0.00252178 -0.255072 0.145013 0.00180345 0.989428 72.8219 0 0 0 1
0.988134 0.0315395 -0.150319 -81.9109 -0.0315983 0.999499 0.00199841 -0.269177 0.150307 0.00277514 0.988635 73.5847 0 0 0 1
0.98738 0.033261 -0.154838 -82.0491 -0.0327716 0.999447 0.00571307 -0.283652 0.154942 -0.000566675 0.987923 74.3434 0 0 0 1
0.986403 0.0342725 -0.160731 -82.1866 -0.0330078 0.9994 0.0105326 -0.297589 0.160996 -0.00508404 0.986942 75.1012 0 0 0 1
0.985363 0.0340057 -0.167046 -82.327 -0.0322388 0.999392 0.0132788 -0.316046 0.167396 -0.00769904 0.98586 75.852 0 0 0 1
0.984229 0.0318763 -0.174003 -82.4671 -0.0305841 0.999481 0.010103 -0.327379 0.174235 -0.00462187 0.984693 76.5947 0 0 0 1
0.982781 0.0289223 -0.182499 -82.6142 -0.0289913 0.999577 0.00229069 -0.338095 0.182488 0.00303964 0.983203 77.3316 0 0 0 1
0.981125 0.0263237 -0.191577 -82.7656 -0.0268476 0.99964 -0.000139223 -0.354245 0.191504 0.00527998 0.981478 78.0692 0 0 0 1
0.978975 0.0271752 -0.20216 -82.9303 -0.0269444 0.999629 0.00389451 -0.375398 0.202191 0.00163444 0.979345 78.8078 0 0 0 1
0.976612 0.0261093 -0.213418 -83.1012 -0.0248666 0.999655 0.00850582 -0.386632 0.213566 -0.00299991 0.976924 79.5441 0 0 0 1
0.97394 0.0283865 -0.225023 -83.2841 -0.0252529 0.99954 0.0167922 -0.399493 0.225396 -0.0106721 0.974209 80.281 0 0 0 1
0.971288 0.0294913 -0.236073 -83.4673 -0.0250568 0.999449 0.0217632 -0.408391 0.236585 -0.015223 0.971492 81.0106 0 0 0 1
0.968319 0.0326325 -0.247575 -83.6579 -0.0292331 0.999421 0.0173951 -0.417823 0.247999 -0.00960665 0.968713 81.7257 0 0 0 1
0.965169 0.0312082 -0.259759 -83.8564 -0.0303378 0.999513 0.00736023 -0.425895 0.259862 0.000776652 0.965645 82.4307 0 0 0 1
0.961807 0.0292648 -0.27216 -84.0574 -0.0296725 0.999556 0.00261808 -0.427494 0.272116 0.0055576 0.962248 83.1404 0 0 0 1
0.95831 0.0272858 -0.284425 -84.2658 -0.0265438 0.999627 0.00646376 -0.428874 0.284495 0.00135544 0.958677 83.8624 0 0 0 1
0.954814 0.0293559 -0.295751 -84.4928 -0.0260938 0.999547 0.0149715 -0.43695 0.296057 -0.00657769 0.955148 84.5842 0 0 0 1
0.951107 0.030689 -0.307332 -84.7275 -0.0255208 0.999457 0.0208221 -0.44244 0.307804 -0.0119607 0.951375 85.303 0 0 0 1
0.94703 0.0268037 -0.320026 -84.9651 -0.0218672 0.99958 0.0190098 -0.444697 0.320401 -0.0110048 0.947218 86.0117 0 0 0 1
0.94307 0.0246838 -0.331677 -85.2123 -0.0212329 0.999676 0.0140248 -0.447748 0.331915 -0.00618395 0.943289 86.7156 0 0 0 1
0.939877 0.0218417 -0.340815 -85.4688 -0.0201093 0.999761 0.00861545 -0.455119 0.340922 -0.00124392 0.940091 87.417 0 0 0 1
0.937107 0.0171454 -0.348622 -85.7267 -0.0177563 0.999841 0.00144336 -0.463307 0.348591 0.00483764 0.937262 88.118 0 0 0 1
0.934311 0.0167085 -0.356067 -85.9963 -0.0180697 0.999837 -0.000496857 -0.472599 0.356 0.00689823 0.93446 88.8208 0 0 0 1
0.931265 0.0218043 -0.363691 -86.2803 -0.023622 0.999721 -0.00055042 -0.487271 0.363577 0.00910369 0.93152 89.5211 0 0 0 1
0.928143 0.023116 -0.371505 -86.5691 -0.0239884 0.99971 0.00227356 -0.489633 0.37145 0.00680163 0.928428 90.2155 0 0 0 1
0.924933 0.0231385 -0.379424 -86.8604 -0.0217864 0.999732 0.00785732 -0.483398 0.379505 0.000998811 0.925189 90.9181 0 0 0 1
0.92208 0.0237771 -0.386268 -87.1588 -0.019339 0.999695 0.015372 -0.480414 0.386516 -0.00670415 0.922258 91.6219 0 0 0 1
0.919344 0.0341653 -0.391969 -87.4763 -0.0270971 0.999355 0.0235524 -0.482502 0.392521 -0.0110316 0.919677 92.3185 0 0 0 1
0.916673 0.0422296 -0.397401 -87.8025 -0.0362967 0.999089 0.0224431 -0.475623 0.397986 -0.00614868 0.917371 93.0035 0 0 0 1
0.914224 0.0385621 -0.40337 -88.118 -0.0361556 0.999254 0.0135831 -0.468056 0.403593 0.0021661 0.914936 93.687 0 0 0 1
0.91217 0.0305028 -0.408675 -88.4278 -0.0307679 0.999509 0.00592695 -0.461975 0.408655 0.0071677 0.912661 94.3758 0 0 0 1
0.910397 0.0304994 -0.412611 -88.749 -0.031529 0.999493 0.00431395 -0.46318 0.412533 0.00908182 0.910897 95.0682 0 0 0 1
0.908263 0.0371796 -0.416745 -89.0845 -0.0363354 0.99929 0.00996086 -0.466622 0.416819 0.00609551 0.908969 95.7661 0 0 0 1
0.905783 0.0400625 -0.421843 -89.4164 -0.0373637 0.999194 0.014666 -0.473653 0.422091 0.00247739 0.90655 96.4657 0 0 0 1
0.903393 0.0368582 -0.427226 -89.748 -0.0340769 0.999319 0.0141571 -0.47889 0.427457 0.00176917 0.904034 97.1635 0 0 0 1
0.901237 0.0346344 -0.43194 -90.085 -0.0347835 0.999366 0.00755711 -0.484703 0.431928 0.00821366 0.90187 97.8498 0 0 0 1
0.899002 0.0315128 -0.43681 -90.4267 -0.0349525 0.999389 0.000162878 -0.48759 0.436548 0.0151212 0.899554 98.5347 0 0 0 1
0.896625 0.031889 -0.441642 -90.7749 -0.0363848 0.999336 -0.00171091 -0.495814 0.441294 0.0176031 0.89719 99.2196 0 0 0 1
0.894591 0.0356695 -0.44546 -91.131 -0.0382188 0.999264 0.00326188 -0.506482 0.445248 0.0141069 0.895296 99.9095 0 0 0 1
0.892476 0.0370555 -0.449569 -91.487 -0.0387538 0.999234 0.00542802 -0.517229 0.449426 0.0125782 0.893229 100.595 0 0 0 1
0.890132 0.0380447 -0.454112 -91.84 -0.0394624 0.999201 0.00635855 -0.526198 0.453991 0.0122604 0.890922 101.277 0 0 0 1
0.887887 0.0367334 -0.458593 -92.1962 -0.0381681 0.999252 0.00614271 -0.534938 0.458476 0.0120496 0.888625 101.954 0 0 0 1
0.88579 0.0345335 -0.462799 -92.5529 -0.0362591 0.999329 0.0051695 -0.543459 0.462667 0.0122016 0.886448 102.627 0 0 0 1
0.883611 0.0343491 -0.46696 -92.9148 -0.0356371 0.999346 0.00607605 -0.551172 0.466863 0.0112722 0.884258 103.296 0 0 0 1
0.881392 0.0352232 -0.47107 -93.2832 -0.0365877 0.999311 0.00626414 -0.558967 0.470966 0.0117142 0.882074 103.96 0 0 0 1
0.879058 0.0363721 -0.475326 -93.6505 -0.0374799 0.999272 0.00715015 -0.565996 0.47524 0.0115298 0.879781 104.619 0 0 0 1
0.876676 0.0332801 -0.479928 -94.0151 -0.0363065 0.999336 0.00297737 -0.576757 0.479709 0.0148143 0.877303 105.267 0 0 0 1
0.874388 0.0301364 -0.484291 -94.3821 -0.035172 0.99938 -0.00131387 -0.588392 0.483951 0.0181823 0.874906 105.91 0 0 0 1
0.872263 0.0282158 -0.488223 -94.7482 -0.0348094 0.999384 -0.00443336 -0.598078 0.487797 0.0208618 0.872708 106.547 0 0 0 1
0.870281 0.0297818 -0.491654 -95.1234 -0.0347966 0.999394 -0.00105582 -0.605007 0.491324 0.0180267 0.87079 107.188 0 0 0 1
0.868448 0.0340142 -0.494612 -95.4962 -0.0347069 0.999367 0.0077869 -0.613444 0.494564 0.0104039 0.869079 107.823 0 0 0 1
0.866942 0.0364111 -0.497077 -95.8645 -0.0319704 0.999337 0.0174429 -0.621003 0.497383 0.000769751 0.867531 108.453 0 0 0 1
0.865437 0.0362553 -0.499704 -96.2232 -0.0286162 0.999327 0.0229443 -0.625131 0.5002 -0.00555724 0.865892 109.068 0 0 0 1
0.863873 0.0327762 -0.502642 -96.574 -0.0248149 0.999438 0.0225228 -0.624599 0.503098 -0.00698387 0.864201 109.668 0 0 0 1
0.862107 0.0308285 -0.505787 -96.9208 -0.024713 0.999518 0.0187993 -0.626205 0.506123 -0.00370747 0.862453 110.248 0 0 0 1
0.860488 0.0290169 -0.508644 -97.2634 -0.0242021 0.999578 0.0160802 -0.627327 0.508896 -0.00152656 0.860827 110.813 0 0 0 1
0.858979 0.0276131 -0.511266 -97.6008 -0.0231945 0.999618 0.0150196 -0.627085 0.511486 -0.00104295 0.859291 111.365 0 0 0 1
0.857693 0.0255251 -0.513528 -97.9243 -0.0212249 0.999673 0.0142393 -0.628327 0.513724 -0.00131334 0.857955 111.902 0 0 0 1
0.856391 0.0261587 -0.515665 -98.2418 -0.0211646 0.999655 0.0155615 -0.632461 0.515894 -0.00241286 0.856649 112.423 0 0 0 1
0.855189 0.0263293 -0.517648 -98.5503 -0.0202767 0.999644 0.0173469 -0.636065 0.51792 -0.00433866 0.855418 112.925 0 0 0 1
0.853874 0.0250178 -0.519879 -98.8435 -0.0184278 0.999671 0.0178398 -0.636794 0.520154 -0.00565274 0.854054 113.406 0 0 0 1
0.852566 0.0230078 -0.522113 -99.1248 -0.0159896 0.999711 0.0179443 -0.638411 0.522375 -0.00695032 0.852687 113.866 0 0 0 1
0.851446 0.0220055 -0.52398 -99.3968 -0.0152594 0.999736 0.0171899 -0.640081 0.52422 -0.00664064 0.851557 114.302 0 0 0 1
0.850235 0.0223748 -0.525928 -99.6642 -0.0175584 0.999746 0.0141471 -0.648192 0.526111 -0.00279389 0.850412 114.717 0 0 0 1
0.848738 0.0200409 -0.528433 -99.9188 -0.0174487 0.999799 0.00989245 -0.65604 0.528525 0.000824364 0.848917 115.114 0 0 0 1
0.846571 0.0163827 -0.532023 -100.162 -0.0144919 0.999865 0.00772903 -0.658629 0.532078 0.00116687 0.846695 115.494 0 0 0 1
0.844019 0.0123116 -0.536171 -100.399 -0.00947306 0.999923 0.00804815 -0.658588 0.536229 -0.00171361 0.844071 115.861 0 0 0 1
0.840725 0.0128695 -0.541309 -100.633 -0.00932215 0.999913 0.00929426 -0.660794 0.541382 -0.00276775 0.840772 116.205 0 0 0 1
0.837097 0.0167108 -0.546799 -100.865 -0.0124535 0.999856 0.0114915 -0.664724 0.546912 -0.00280992 0.837185 116.529 0 0 0 1
0.833497 0.0225017 -0.552065 -101.09 -0.0167419 0.99974 0.0154719 -0.669467 0.55227 -0.00365317 0.833657 116.835 0 0 0 1
0.829718 0.0282966 -0.557464 -101.306 -0.0188768 0.999565 0.0226416 -0.671392 0.557863 -0.00826299 0.829892 117.127 0 0 0 1
0.825213 0.0303957 -0.564003 -101.506 -0.0183007 0.999466 0.0270877 -0.672278 0.564525 -0.0120314 0.825328 117.401 0 0 0 1
0.820025 0.0279734 -0.571643 -101.693 -0.0142921 0.999494 0.0284081 -0.672146 0.572149 -0.0151254 0.82001 117.657 0 0 0 1
0.813452 0.025535 -0.581072 -101.874 -0.0104891 0.999517 0.0292396 -0.672996 0.581538 -0.0176901 0.813327 117.899 0 0 0 1
0.805158 0.0241973 -0.592567 -102.051 -0.007576 0.999505 0.0305206 -0.673639 0.593012 -0.0200846 0.804943 118.122 0 0 0 1
0.795283 0.0248611 -0.605728 -102.229 -0.00716598 0.999475 0.0316133 -0.675323 0.606196 -0.0208009 0.795043 118.326 0 0 0 1
0.783639 0.0266497 -0.620645 -102.405 -0.00901076 0.999462 0.0315385 -0.676643 0.621151 -0.0191224 0.783458 118.509 0 0 0 1
0.770117 0.0259329 -0.637375 -102.576 -0.00898164 0.999515 0.029815 -0.68191 0.637839 -0.0172364 0.769976 118.682 0 0 0 1
0.755708 0.0235682 -0.654485 -102.742 -0.00975283 0.999646 0.0247364 -0.685851 0.654836 -0.0123104 0.755671 118.838 0 0 0 1
0.741069 0.020049 -0.671129 -102.902 -0.00929754 0.999765 0.0196 -0.687004 0.671364 -0.00828513 0.741081 118.982 0 0 0 1
0.726131 0.0199039 -0.687268 -103.068 -0.0129043 0.999799 0.0153211 -0.685597 0.687435 -0.0022564 0.726242 119.116 0 0 0 1
0.710874 0.0237018 -0.70292 -103.245 -0.0201515 0.999708 0.0133297 -0.682754 0.703031 0.0046892 0.711144 119.242 0 0 0 1
0.694265 0.0262648 -0.71924 -103.418 -0.0237922 0.999625 0.0135377 -0.681989 0.719326 0.00771352 0.69463 119.367 0 0 0 1
0.676202 0.0248746 -0.736296 -103.595 -0.020495 0.999678 0.0149502 -0.676932 0.736431 0.00498098 0.676495 119.498 0 0 0 1
0.656813 0.0239531 -0.753673 -103.773 -0.0175566 0.99971 0.0164724 -0.672655 0.753849 0.00241266 0.657044 119.624 0 0 0 1
0.635447 0.0254831 -0.771724 -103.955 -0.0169809 0.999675 0.0190279 -0.668027 0.771958 0.00101333 0.635673 119.735 0 0 0 1
0.612199 0.0303386 -0.790121 -104.148 -0.0206147 0.999536 0.022407 -0.662419 0.790435 0.00257054 0.612541 119.838 0 0 0 1
0.588341 0.0344758 -0.807877 -104.339 -0.0225923 0.999402 0.026196 -0.658038 0.808297 0.0028396 0.588768 119.934 0 0 0 1
0.563474 0.0376485 -0.825275 -104.534 -0.0241906 0.999285 0.02907 -0.65587 0.825779 0.00358372 0.563982 120.029 0 0 0 1
0.538212 0.0408725 -0.841818 -104.733 -0.0269569 0.999147 0.0312765 -0.6537 0.842378 0.00585944 0.538855 120.114 0 0 0 1
0.512298 0.0455865 -0.857597 -104.931 -0.0311237 0.99892 0.0345065 -0.65151 0.858244 0.00901404 0.513163 120.185 0 0 0 1
0.485092 0.0492654 -0.873074 -105.136 -0.0334635 0.998726 0.0377629 -0.650239 0.873823 0.0108976 0.486123 120.257 0 0 0 1
